210307350
210307958
210312900
210314226
210314566
210314854
210316476
210316947
210317628
210318238
210318725
210318953
210320059
210321327
210321990
210322796
210323478
210324184
210324198
210324363
210324940
210325299
210325424
210326021
210326794
210327369
210327391
210327399
210329073
210329466
210329670
210331765
210332059
210332895
210334711
210334851
210335803
210336286
210336890
210337911
210337961
210338231
210338796
210339048
210340058
210340480
210340693
210340787
210341985
210343180
210343441
210343769
210345113
210345296
210345753
210346328
210346652
210346920
210346974
210347334
210347399
210347435
210347636
210347847
210348109
210348262
210348362
210348474
210348713
210348941
210349206
210349518
210350167
210350168
210350446
210351800
210352179
210352451
210352532
210353030
210353211
210353444
210353939
210354035
210354103
210354147
210354276
210354368
210354598
210354910
210355180
210355220
210355372
210355380
210355410
210355498
210355538
210355590
210355746
210356147
210356407
210356639
210357145
210357282
210357460
210357684
210357751
210358034
210358075
210358224
210358399
210358828
210358865
210358970
210359234
210359732
210359769
210360165
210360368
210360545
210361551
210361663
210361901
210362013
210362054
210362220
210362551
210362768
210362829
210362869
210363545
210363615
210363732
210363821
210364114
210364482
210364503
210364602
210364668
210365110
210365511
210365611
210365718
210366324
210366338
210366367
210366389
210366718
210366722
210366776
210366981
210366991
210367238
210367322
210367333
210367940
210368102
210368383
210368652
210368746
210369231
210369417
210369431
210369815
210369887
210370134
210370150
210370237
210370249
210371034
210371296
210371471
210371890
210371894
210372185
210372242
210372277
210372335
210372853
210372872
210373134
210373234
210373387
210374175
210374240
210374659
210375093
210375280
210375375
210375563
210375896
210375929
210375985
210376024
210376030
210376109
210376350
210376470
210376554
210376588
210376697
210377089
210377172
210377375
210377906
210377965
210378120
210378745
210379617
210380085
210380313
210380337
210380524
210381130
210381178
210381185
210381522
210381604
210381730
210381786
210382166
210382628
210382643
210382657
210382967
210382978
210383009
210383030
210383218
210383479
210383496
210383669
210383672
210384074
210384243
210384417
210384520
210384590
210385282
210385758
210385788
210385859
210385888
210385892
210386083
210386088
210386124
210386167
210387006
210387553
210387792
210388247
210388455
210388524
210388702
210389069
210389383
210389499
210389575
210389672
210389881
210390373
210390397
210390488
210390644
210390678
210391114
210391276
210391399
210391498
210391604
210391786
210392376
210392666
210392690
210392826
210393254
210393283
210393318
210393419
210393530
210393535
210393701
210394263
210394282
210394365
210394390
210394641
210394942
210395123
210395314
210395341
210395515
210395735
210395840
210396444
210396618
210396647
210397103
210397202
210397329
210397591
210397926
210398004
210398074
210398225
210398309
210398698
210398968
210399062
210399117
210399142
210399848
210400037
210400570
210400735
210400751
210400897
210400927
210401066
210401167
210401186
210401221
210401497
210401543
210401938
210402066
210402237
210402340
210402430
210402468
210402751
210403090
210403721
210403725
210404028
210404097
210404101
210404130
210404194
210404681
210404794
210405680
210405995
210406057
210406141
210406175
210406259
210406345
210406347
210406389
210406440
210406554
210406779
210406783
210406965
210406991
210407063
210407190
210407362
210407617
210407779
210407818
210407864
210407893
210407918
210408161
210408195
210408447
210408565
210408821
210408860
210408945
210409453
210409688
210409782
210409791
210409980
210410341
210410454
210410511
210410512
210410871
210411030
210411418
210411525
210411548
210411583
210411633
210411657
210411950
210412146
210412303
210412318
210412502
210412652
210412951
210413017
210413222
210413441
210413459
210413531
210414207
210414596
210415364
210416145
210416257
210416291
210416474
210416662
210416759
210416836
210416841
210416903
210417332
210417900
210417921
210418253
210418471
210418851
210419080
210419412
210419428
210419687
210419818
210420034
210420216
210420283
210420328
210420817
210420861
210420962
210421289
210421405
210421536
210421615
210421909
210422541
210422612
210422650
210422892
210422986
210423122
210423132
210423263
210423270
210423313
210423368
210423468
210423485
210423623
210423815
210423858
210424026
210424239
210424293
210424401
210424774
210424866
210425208
210425298
210425592
210425787
210425792
210425841
210425868
210425936
210425963
210426033
210426070
210426409
210426451
210426515
210426626
210426640
210426676
210426685
210426688
210426692
210427123
210427170
210427196
210427245
210427458
210427477
210427671
210427931
210428151
210428156
210428163
210428184
210428466
210428497
210428667
210428684
210428882
210429021
210429153
210429279
210429557
210429666
210429969
210430114
210430195
210430246
210430671
210430992
210431015
210431035
210431149
210431294
210431430
210431576
210431604
210431637
210431651
210431663
210432075
210432103
210432218
210432248
210432553
210432630
210432719
210432741
210432802
210432817
210432953
210433079
210433189
210433327
210433331
210433394
210433399
210433805
210433953
210434334
210434494
210434629
210434654
210434785
210435125
210435349
210435620
210435673
210436133
210436303
210436506
210437025
210437115
210437497
210437593
210437621
210437844
210438072
210438079
210438345
210438350
210438495
210438780
210438802
210438812
210439048
210439053
210439182
210439275
210439467
210440058
210440696
210440706
210440836
210440844
210441109
210441301
210441595
210441729
210441911
210441972
210442366
210442739
210442768
210443044
210443253
210443703
210444075
210444078
210444090
210444262
210444492
210444585
210444738
210444795
210444801
210444925
210445411
210445455
210446432
210446614
210446912
210447104
210447300
210447822
210447875
210447979
210448102
210448314
210448454
210448542
210448716
210448729
210448987
210449401
210449859
210449862
210450253
210450505
210451200
210451503
210451611
210452034
210452038
210452082
210452276
210452337
210453045
210453623
210453697
210454041
210454297
210455300
210455478
210456015
210456043
210456872
210457222
210457341
210457400
210457705
210457993
210458107
210458271
210458542
210458618
210458863
210459446
210459700
210459906
210459910
210459958
210460225
210460331
210460489
210460801
210460802
210460963
210461013
210461470
210461627
210461649
210461723
210461786
210461958
210462206
210462537
210462649
210462964
210463038
210463045
210463124
210463175
210463286
210463366
210464453
210464479
210464591
210464687
210464871
210465054
210465123
210465287
210465350
210466088
210466173
210466583
210466679
210466843
210466989
210467819
210468114
210468178
210468209
210468282
210468499
210468558
210469497
210469926
210470092
210470100
210470382
210471039
210471272
210471390
210472177
210472617
210473400
210473848
210474556
210474569
210474654
210474883
210475095
210475174
210475442
210475555
210475820
210475863
210475946
210476012
210476182
210476247
210476411
210476829
210476850
210476976
210477514
210478399
210478508
210478512
210478572
210478582
210478823
210478933
210479001
210479026
210479116
210479151
210479355
210479508
210479678
210479730
210479761
210480024
210480153
210480290
210480392
210480492
210480582
210480597
210480663
210481099
210481572
210481820
210481853
210482158
210482208
210482239
210482409
210482427
210482429
210482520
210482638
210483036
210483125
210483351
210483488
210483599
210483632
210484192
210484200
210484202
210484310
210484866
210485267
210485552
210485566
210485772
210486031
210486055
210486327
210486424
210487157
210487366
210487448
210487614
210488214
210488239
210488682
210488734
210488943
210489127
210489208
210489350
210489743
210489759
210490213
210490342
210490488
210490695
210490725
210490731
210491117
210491158
210492045
210492741
210492834
210492960
210493199
210493260
210493284
210493646
210493670
210494577
210494612
210495066
210495264
210495300
210495323
210495330
210495430
210495484
210496004
210496027
210496126
210496303
210496756
210496938
210497167
210497278
210497530
210497570
210497627
210497694
210498081
210498367
210499237
210499243
210499651
210499882
210499976
210500276
210500352
210500981
210501053
210501149
210501386
210501458
210504537
210504552
210505000
210505099
210505112
210505125
210505393
210505487
210505501
210505627
210505835
210506319
210506860
210506907
210506911
210507093
210507437
210507537
210507827
210507911
210508352
210508673
210509688
210509865
210510019
210510024
210510363
210510518
210511258
210511575
210511987
210512049
210512162
210512824
210512839
210512842
210512929
210513144
210513377
210513503
210513601
210513819
210513931
210514408
210514428
210514648
210514681
210514731
210514964
210515020
210515098
210516215
210516237
210516686
210516826
210516858
210517067
210517235
210517531
210517608
210517656
210517788
210517837
210518407
210518739
210518983
210519253
210519295
210519522
210519559
210519645
210519764
210519765
210519822
210520513
210520582
210520786
210520875
210520879
210521364
210521397
210521876
210522057
210522228
210522673
210523520
210523679
210524086
210524894
210524974
210525455
210525462
210525500
210525745
210525912
210526307
210526913
210527168
210527379
210527488
210527600
210527875
210528063
210528175
210528560
210528634
210529099
210529407
210530130
210530173
210530649
210530922
210531194
210531451
210531580
210531620
210531858
210532268
210532642
210533262
210533695
210533799
210535083
210535409
210535512
210536846
210538146
210538361
210538539
210538654
210538844
210538885
210539211
210539305
210540096
210540396
210540507
210541469
210541952
210542037
210542462
210542516
210542521
210542562
210542627
210543232
210543708
210543857
210544025
210544822
210544982
210544991
210545136
210545274
210546223
210546543
210546691
210547904
210548107
210548530
210548604
210548723
210548838
210549352
210549535
210549572
210550103
210550751
210550875
210550946
210551101
210551854
210552194
210552355
210552998
210553261
210553289
210553678
210554696
210554956
210554993
210555036
210555082
210555475
210555660
210555976
210555985
210556774
210557093
210557508
210557541
210557904
210558022
210558544
210558622
210559735
210561013
210561459
210561483
210561697
210562193
210562282
210562330
210564053
210565241
210565259
210565838
210565866
210566397
210566444
210566479
210567045
210567450
210567766
210568002
210568200
210568328
210568529
210569128
210569428
210569594
210570081
210570669
210572047
210572899
210573210
210573261
210573537
210573835
210574086
210574290
210574585
210574742
210575130
210576077
210576227
210576234
210576472
210576542
210576556
210576611
210576874
210576889
210577050
210577261
210577548
210577657
210578113
210578532
210578691
210579253
210580014
210580175
210580236
210580990
210581012
210581034
210581202
210581470
210582056
210582129
210582309
210584156
210584294
210584324
210584462
210585133
210585259
210585361
210585896
210586011
210586300
210586581
210586950
210586967
210586984
210587638
210588175
210588341
210588959
210589088
210589604
210589718
210589795
210589911
210589989
210590023
210590083
210590283
210590755
210591380
210591888
210592909
210593358
210593410
210594040
210594356
210594798
210594854
210595579
210596506
210596544
210596693
210596699
210596719
210597319
210597665
210598340
210598347
210598969
210599058
210599330
210599414
210599467
210599695
210599792
210600314
210602466
210602685
210602727
210602794
210603330
210603422
210603795
210605233
210605371
210605519
210605557
210606310
210606491
210606650
210607031
210608233
210608699
210608760
210608892
210608897
210609156
210611076
210611675
210611976
210612027
210613925
210614157
210614477
210614617
210614981
210615625
210616225
210616740
210616794
210617160
210617543
210617643
210617827
210618591
210619963
210620508
210620793
210621463
210622013
210622339
210622384
210622388
210622852
210623357
210623530
210624145
210624910
210625325
210625837
210626218
210626232
210626780
210626797
210626805
210626852
210626900
210626938
210627352
210627659
210629028
210629082
210629204
210630901
210631151
210631378
210632303
210632918
210633283
210633970
210634475
210635119
210635651
210635702
210637688
210637691
210637769
210638222
210638879
210639440
210639546
210639742
210640204
210640237
210641434
210641555
210641603
210641629
210641701
210642942
210643133
210643811
210644260
210644816
210645185
210645805
210646017
210646715
210647813
210648642
210648955
210649205
210649605
210650014
210650125
210650733
210651435
210651865
210652029
210652107
210652602
210653291
210653298
210653320
210653412
210653860
210653914
210654237
210654734
210654881
210654889
210655107
210656499
210658514
210658856
210658928
210659016
210659882
210659945
210660159
210660686
210660712
210660773
210661100
210661166
210661738
210661994
210662122
210662134
210663063
210663808
210663811
210663943
210664082
210664763
210665092
210665262
210665335
210665760
210666042
210666742
210666983
210667155
210667186
210667381
210667626
210668314
210668500
210668546
210668583
210669297
210669299
210669399
210669489
210669719
210669959
210670486
210670887
210670925
210670969
210671020
210671201
210671362
210671877
210672069
210672109
210672296
210673587
210673610
210673741
210673796
210673842
210674223
210674233
210674385
210674996
210675409
210676049
210676219
210676231
210676245
210676384
210676388
210677377
210677703
210677927
210678099
210679075
210679324
210679459
210679592
210680070
210680151
210680508
210681009
210681239
210681792
210681947
210682130
210682296
210682736
210683006
210683251
210683700
210684063
210684075
210684874
210684902
210685054
210685477
210685585
210685692
210686138
210686186
210686220
210686705
210686716
210686969
210687196
210687236
210687710
210688360
210688526
210688766
210688929
210688994
210689067
210689609
210690609
210691240
210691501
210692484
210692557
210692739
210692743
210692959
210693194
210693462
210694125
210694695
210695144
210695583
210695905
210695950
210696205
210696288
210696425
210697354
210697531
210698245
210698373
210698867
210699550
210699613
210700765
210701201
210701207
210701482
210702057
210702527
210702788
210702868
210702898
210703374
210703394
210703566
210704340
210705174
210705491
210705899
210706369
210706376
210706665
210707799
210708222
210708282
210708483
210708537
210708889
210708924
210708991
210709386
210709514
210709659
210709672
210710170
210710221
210710483
210710613
210710668
210711233
210711616
210711698
210711928
210712019
210712064
210712302
210712431
210712461
210712484
210712613
210712623
210712855
210712904
210712966
210713788
210713893
210714002
210714161
210714190
210714565
210714581
210715008
210715622
210715841
210716071
210716606
210716656
210717184
210717382
210717801
210718039
210718262
210718323
210718454
210718708
210718739
210719592
210719749
210720524
210721521
210721629
210721755
210721841
210722592
210723349
210724391
210724629
210724989
210725265
210725530
210726093
210726149
210726248
210726299
210726623
210726670
210726767
210726802
210726841
210727032
210727758
210727806
210727850
210727934
210728283
210728532
210728696
210728784
210729204
210729277
210729473
210729495
210730901
210731130
210731169
210731260
210731267
210731335
210731336
210731419
210731447
210731500
210731836
210731978
210732099
210732246
210733201
210733485
210733838
210733938
210734110
210734337
210734566
210734755
210734775
210734858
210735321
210736045
210736615
210736624
210736730
210736738
210737129
210737173
210737234
210737313
210737742
210738140
210738578
210738600
210738637
210739197
210739664
210739856
210740492
210740679
210740714
210741018
210741229
210742005
210742184
210742328
210742539
210742688
210742704
210742890
210743223
210743303
210743416
210743536
210743560
210743621
210744061
210744230
210744272
210744319
210744330
210744336
210744447
210744478
210744647
210744674
210744818
210745253
210745299
210746002
210746879
210747309
210748135
210748444
210748807
210749006
210749042
210749044
210749125
210749139
210750050
210750052
210750103
210750182
210750383
210750621
210750726
210750828
210750872
210751110
210751392
210751654
210751762
210751817
210751911
210752074
210752492
210752627
210752799
210752809
210753083
210753206
210753273
210753274
210753448
210753509
210753760
210753989
210754254
210754272
210754609
210754617
210754949
210755054
210755146
210755186
210755409
210755553
210755594
210755944
210756478
210756555
210756946
210757662
210757909
210758590
210758680
210758686
210758873
210759211
210759564
210759911
210760285
210760411
210760515
210760706
210760764
210760779
210761102
210761114
210761454
210761528
210761901
210762062
210762197
210762380
210762464
210762628
210762704
210762789
210762863
210762912
210763144
210763179
210763461
210763474
210763664
210763667
210763691
210763899
210763952
210764483
210764675
210764876
210765142
210765248
210765270
210765351
210765362
210765760
210765780
210766199
210766338
210766572
210766835
210767255
210767482
210767541
210767761
210767881
210768231
210768357
210768482
210768521
210768919
210769457
210769618
210769697
210769717
210769872
210769977
210770235
210770625
210770855
210770879
210771254
210771482
210771577
210771915
210771973
210772416
210772796
210772891
210773113
210773255
210773304
210773333
210773439
210773524
210774618
210774635
210774814
210774836
210775183
210775308
210775313
210775426
210775694
210775710
210776103
210776306
210776787
210776995
210777017
210777034
210777145
210777311
210777429
210778048
210778094
210778133
210778144
210778222
210778244
210778331
210778357
210778416
210778603
210779050
210779259
210779334
210779340
210779405
210779549
210779570
210779603
210779706
210779725
210779766
210779917
210780223
210780737
210780780
210780851
210781143
210782325
210782464
210782765
210783016
210783290
210783389
210784039
210784244
210784253
210784464
210784565
210784972
210785070
210785427
210785727
210786126
210786368
210786388
210786627
210786719
210786745
210787052
210787202
210787677
210787736
210788345
210788457
210788654
210788731
210789323
210789738
210789860
210790246
210790363
210790466
210790719
210790933
210790950
210790995
210791358
210791491
210791807
210793074
210793202
210793203
210793857
210793892
210793913
210793969
210794111
210794621
210794758
210794850
210794885
210795045
210795414
210795603
210795628
210795643
210795708
210796268
210796664
210796939
210797271
210797297
210797492
210797797
210798095
210798359
210798903
210799101
210799134
210799302
210799359
210799583
210799994
210800332
210800475
210800597
210800634
210800797
210800833
210801003
210801536
210801551
210801596
210801744
210801782
210801836
210802141
210802416
210802698
210803311
210803459
210803851
210803905
210803967
210804144
210804537
210804640
210805279
210805532
210805901
210806147
210806197
210806726
210806815
210807793
210807803
210808464
210808909
210808916
210808971
210809158
210809246
210809481
210810141
210810165
210811401
210811757
210811785
210812133
210812316
210812659
210812803
210813135
210813991
210814452
210814674
210814892
210816004
210816049
210816649
210816657
210817186
210817218
210817281
210817779
210817945
210818305
210818697
210818947
210819259
210819568
210820002
210820089
210821484
210821498
210822529
210823023
210823872
210824357
210824828
210824958
210826038
210826853
210826989
210828294
210828387
210829632
210829981
210830299
210830410
210831531
210831669
210832801
210832928
210833209
210833924
210834192
210834482
210834809
210834842
210835447
210835722
210835822
210835829
210836056
210836070
210836309
210836618
210837083
210837460
210837492
210837518
210838537
210838726
210838799
210839077
210839528
210840695
210841030
210841071
210842090
210842295
210842433
210842555
210842971
210843230
210843343
210844537
210845502
210845609
210845935
210846419
210846644
210846687
210846742
210847201
210847576
210848071
210848094
210848658
210848772
210848863
210849034
210849110
210849700
210850434
210850821
210851029
210851535
210851678
210851738
210851752
210852007
210852178
210852618
210852903
210853223
210853461
210853495
210853606
210853791
210854497
210854579
210854880
210854989
210855149
210855313
210855350
210855382
210855850
210856110
210856891
210857328
210857364
210857509
210857749
210858192
210858375
210858560
210858684
210860562
210860697
210860953
210861320
210862064
210862379
210862388
210862857
210863987
210864681
210864854
210866018
210866450
210866604
210866694
210866727
210866744
210866831
210867003
210867044
210867056
210867398
210867456
210867819
210868663
210869120
210869192
210869954
210870276
210870563
210870657
210871014
210871297
210872522
210872716
210873478
210874029
210874072
210874768
210875069
210875338
210875450
210876027
210876235
210877308
210877423
210877714
210877742
210878281
210879084
210879449
210879553
210879932
210880386
210880551
210881376
210881532
210881975
210882157
210882273
210883527
210883991
210885615
210885955
210886823
210887246
210887424
210887641
210887654
210887788
210888061
210888380
210889123
210890068
210890451
210890814
210890999
210891082
210891488
210891645
210891881
210892129
210892207
210892372
210892669
210892671
210892757
210892948
210893327
210893499
210893512
210893866
210893936
210894022
210895652
210895949
210896094
210896463
210896658
210896712
210896953
210897216
210897476
210897791
210898054
210898111
210898608
210898943
210898997
210899468
210899883
210899950
210900532
210900830
210901127
210902076
210902080
210902489
210902797
210902801
210902826
210902865
210903227
210903541
210903817
210904675
210904771
210905243
210905250
210905362
210905495
210906118
210907346
210907534
210907827
210908270
210909817
210909832
210909983
210910367
210910422
210910922
210911240
210912007
210912089
210912170
210912259
210912300
210912314
210912613
210912914
210913007
210914245
210914569
210914767
210915133
210915340
210915556
210915568
210915882
210915952
210916857
210917330
210917587
210917754
210918391
210918990
210919316
210919429
210919466
210919689
210919710
210919729
210919936
210920066
210920411
210920440
210921655
210921683
210922111
210922169
210922216
210922311
210923075
210923123
210923365
210923409
210923842
210924906
210925532
210926702
210926788
210926952
210927996
210928354
210928389
210928980
210929435
210929521
210929837
210929923
210930204
210930319
210930641
210930783
210930903
210931222
210931693
210931896
210931933
210932145
210932477
210932646
210932659
210933011
210933183
210933222
210933236
210933298
210934387
210934463
210934819
210935548
210935609
210935909
210935960
210936069
210936682
210937428
210937660
210937909
210937962
210937990
210938219
210938605
210938640
210938746
210938928
210938975
210938993
210939052
210939238
210939333
210939651
210939924
210940412
210940882
210941134
210942003
210942335
210942616
210942697
210942842
210943044
210943337
210943388
210943393
210943549
210944029
210944050
210944293
210944341
210944660
210944661
210945161
210945342
210945362
210945407
210945444
210945519
210945664
210946513
210946563
210946924
210948075
210948409
210948777
210948979
210948985
210949625
210949767
210949909
210950553
210950922
210951223
210951530
210951906
210952018
210952379
210952545
210952848
210952908
210953432
210953493
210953724
210953765
210954057
210954195
210954252
210954261
210954841
210955189
210955695
210955995
210956016
210956385
210956446
210956778
210957306
210957559
210957850
210958351
210958453
210958455
210958874
210958933
210959180
210959491
210959946
210960416
210960456
210960579
210960744
210961494
210961518
210961657
210963144
210963163
210963267
210963676
210963715
210964043
210964063
210964145
210964159
210964182
210964540
210964755
210964780
210965053
210965155
210965492
210965538
210966350
210966563
210967117
210967197
210967369
210967568
210967811
210968143
210968818
210969147
210969307
210969502
210969762
210969984
210970230
210970831
210971266
210971338
210971470
210971569
210972298
210972429
210972864
210973080
210973610
210973951
210974264
210974292
210974415
210974815
210975119
210975261
210975859
210977309
210977589
210977962
210978240
210978573
210978695
210978875
210978929
210979555
210979763
210979798
210980018
210980117
210980849
210981231
210981338
210981495
210981854
210982230
210982637
210983112
210983624
210983677
210983994
210983995
210984303
210984362
210984542
210984549
210984890
210984956
210985019
210985159
210986411
210986433
210986451
210986554
210986729
210986987
210987172
210987193
210987357
210987432
210987818
210988164
210988255
210988325
210988369
210988480
210988540
210988681
210988931
210989127
210989379
210989380
210989690
210990151
210990332
210990525
210990579
210990603
210990773
210991206
210991216
210991441
210991452
210991530
210991971
210992112
210992120
210992709
210992804
210992880
210993485
210993780
210994089
210994199
210994616
210995017
210995264
210995387
210995637
210995937
210996142
210996272
210996505
210996662
210996834
210997113
210997183
210997577
210997927
210997946
210998135
210998521
210999052
210999087
210999101
210999447
210999570
211000411
211000547
211000573
211000654
211000687
211000908
211000960
211001065
211001276
211001665
211001716
211001764
211001810
211002011
211002197
211002233
211002456
211002562
211002807
211003287
211003359
211003672
211003721
211003768
211003926
211004429
211004779
211005084
211005192
211005268
211005312
211005559
211005967
211006241
211006411
211006532
211006630
211006744
211007034
211007360
211007660
211007717
211007942
211008109
211008148
211008206
211008436
211008571
211008595
211008621
211008736
211008786
211008838
211008991
211009186
211009404
211009794
211009882
211010031
211010117
211010262
211010623
211010779
211010958
211011125
211011133
211011199
211011313
211011793
211012041
211012330
211012490
211012547
211013077
211013208
211013221
211013364
211013615
211013713
211014186
211014376
211014809
211014845
211014883
211014960
211015308
211016228
211016287
211016584
211016870
211016895
211016961
211017006
211017043
211017191
211017206
211017539
211017570
211017659
211017750
211017801
211017805
211017891
211018349
211018641
211018644
211018695
211018711
211019056
211019108
211019290
211019454
211019823
211020101
211020145
211020261
211020451
211020985
211021007
211021014
211021319
211021332
211021344
211021538
211021753
211021881
211022199
211022524
211022539
211023068
211023137
211023631
211023858
211023960
211024172
211024196
211024229
211024764
211024821
211024915
211025112
211025392
211025538
211025987
211026043
211026321
211026436
211026454
211026474
211026910
211026963
211026972
211027239
211027491
211027573
211027664
211027914
211028083
211028209
211028296
211028402
211028836
211029045
211029048
211029152
211029187
211029232
211029632
211030000
211030088
211030226
211030627
211030732
211030784
211031191
211031367
211031487
211032165
211032368
211032385
211032395
211032402
211032457
211034119
211034204
211034423
211034509
211034592
211034657
211034737
211034868
211035026
211035145
211035418
211035506
211035702
211035987
211036145
211036214
211036263
211036449
211037066
211037427
211037451
211037894
211038197
211038389
211038618
211038718
211038756
211038856
211038882
211039004
211039155
211039231
211039307
211039486
211039603
211039639
211039697
211039833
211040249
211040615
211040713
211040717
211040751
211041105
211041475
211041532
211041648
211041722
211041974
211042018
211042058
211042846
211043645
211043986
211044297
211044466
211044536
211044599
211044671
211044807
211045353
211045450
211045468
211045617
211045875
211045933
211046102
211046247
211046338
211046342
211046357
211046601
211046868
211046994
211047147
211047297
211047313
211047375
211047503
211047828
211048055
211048081
211048319
211048419
211048644
211048783
211048897
211049022
211049042
211049052
211049220
211049250
211049322
211049345
211049526
211050471
211050613
211050973
211051439
211051664
211051868
211052516
211052763
211052779
211053081
211053255
211053560
211053586
211053615
211053737
211053794
211053851
211053988
211054014
211054027
211054176
211054435
211054512
211054580
211054599
211054960
211055114
211055290
211055547
211055644
211055736
211055838
211055896
211056272
211056293
211056496
211056846
211056920
211056973
211057320
211057330
211057520
211057719
211057798
211058610
211058748
211058914
211059062
211060020
211060049
211060743
211060928
211061216
211061304
211061548
211061560
211062512
211062752
211063262
211063335
211063445
211063789
211064391
211064647
211064704
211064725
211065014
211065162
211065675
211065892
211065899
211065960
211066253
211066263
211066337
211066394
211066451
211066606
211067096
211067316
211067585
211067702
211067862
211067925
211068101
211068251
211068258
211068400
211068641
211068885
211068914
211069385
211069605
211069622
211070034
211070231
211070358
211070383
211070428
211070476
211070491
211071185
211071256
211071383
211071563
211071869
211072451
211072624
211072773
211072788
211073206
211073249
211073307
211074211
211074888
211075425
211075635
211075982
211076066
211076244
211076400
211076778
211077050
211077494
211077695
211077700
211077716
211078164
211078219
211078779
211078923
211079041
211079079
211079138
211079207
211079344
211079377
211079480
211079565
211079676
211079719
211079772
211079789
211080155
211080676
211080990
211081096
211081132
211081278
211081449
211081593
211081743
211081776
211081828
211082013
211082317
211082457
211082698
211082773
211083040
211083442
211083905
211084208
211084436
211084704
211084745
211084749
211085086
211085606
211085746
211085907
211085921
211085967
211086025
211086047
211086195
211086832
211086971
211087003
211087100
211087128
211087482
211087559
211087700
211087758
211087985
211087988
211088035
211088258
211088357
211088664
211088817
211088843
211089068
211089187
211089538
211089561
211089624
211089919
211090046
211090479
211090715
211090879
211091354
211091363
211091381
211091497
211091685
211091701
211092077
211092367
211092391
211092631
211093156
211093211
211093307
211093684
211093734
211093950
211094095
211094117
211094364
211094733
211094891
211094988
211095095
211095170
211095189
211095190
211095199
211095259
211095261
211095270
211095344
211095365
211095723
211096608
211096625
211097223
211097828
211097829
211098261
211098366
211098973
211099045
211099297
211099743
211099759
211099781
211099801
211099886
211099910
211100071
211100192
211100398
211100400
211100538
211100565
211100653
211101230
211101249
211101983
211102001
211102053
211102386
211102442
211102496
211102625
211102816
211103694
211103863
211104559
211104722
211104928
211105661
211105780
211106542
211107103
211107264
211107317
211107835
211107958
211108319
211109320
211109977
211110023
211110094
211110208
211110438
211110960
211110982
211111580
211111655
211111751
211111777
211111782
211112126
211112140
211112232
211112749
211113061
211113178
211113345
211113489
211113531
211113551
211113761
211113811
211113814
211113970
211114069
211114099
211114329
211115359
211115428
211115596
211115870
211115970
211116178
211116358
211116507
211116927
211117202
211117282
211117964
211118119
211118126
211118251
211118285
211118337
211118456
211118542
211118675
211118731
211118947
211119017
211119059
211119656
211119703
211119749
211119797
211119814
211120348
211120497
211120889
211121401
211122419
211122882
211123043
211123588
211123625
211124543
211124784
211125590
211125729
211126230
211126934
211127111
211127165
211127310
211128842
211129028
211129308
211129584
211129754
211129911
211130142
211130310
211130861
211130915
211131022
211131372
211131517
211132032
211132831
211132998
211133138
211133190
211133821
211134184
211134309
211134919
211135159
211135350
211135356
211135893
211136007
211136427
211137412
211137930
211138360
211138707
211139595
211139604
211140122
211141282
211141615
211141664
211141738
211142564
211142596
211142916
211143318
211143363
211144957
211145177
211145650
211146047
211146641
211147023
211147178
211148154
211148156
211148591
211148601
211149037
211149838
211150126
211150428
211150975
211152395
211152484
211152695
211153079
211153286
211153583
211154046
211155157
211155318
211155479
211155826
211155915
211155944
211156766
211157130
211157234
211158189
211158477
211159516
211159560
211159873
211160016
211160118
211160711
211161123
211161128
211161133
211162066
211162972
211163261
211163406
211164332
211164751
211165220
211165395
211165958
211166831
211169300
211169396
211169647
211170832
211170934
211171206
211172597
211173014
211173272
211173962
211174237
211175016
211175048
211175106
211176345
211177100
211177579
211177647
211179603
211182661
211183595
211184620
211184990
211185216
211185386
211185773
211187033
211187428
211188439
211188567
211188669
211190693
211191261
211192084
211192286
211197333
211200040
211201576
211203589
