EPICID	Exoplanet? prob #?0 for ec. binary, 1 for exoplanet
210307350	0.7767205238342285
210307958	0.005971535108983517
210312900	0.705976665019989
210314226	0.7674223780632019
210314566	0.8105829358100891
210314854	0.000462628056993708
210316476	0.8330159187316895
210316947	0.8049003481864929
210317628	0.6056579947471619
210318238	0.8348202109336853
210318725	0.5155805945396423
210318953	0.7864320278167725
210320059	0.7596729397773743
210321327	0.21139445900917053
210321990	0.7338663935661316
210322796	0.7990618944168091
210323478	0.7825067043304443
210324184	0.4292972683906555
210324198	0.6666956543922424
210324363	0.2831403911113739
210324940	0.2822738289833069
210325299	0.7682840824127197
210325424	0.7689856290817261
210326021	0.734755277633667
210326794	7.639559953531716e-07
210327369	0.7256054282188416
210327391	0.741578996181488
210327399	0.04954924061894417
210329073	0.7417048215866089
210329466	0.6755014061927795
210329670	0.7618313431739807
210331765	0.7816623449325562
210332059	0.8297684192657471
210332895	0.8003010749816895
210334711	0.7474901080131531
210334851	0.7847315073013306
210335803	0.07191158086061478
210336286	3.820363781414926e-05
210336890	0.7634454369544983
210337911	0.7450462579727173
210337961	0.5467123985290527
210338231	0.7757342457771301
210338796	9.059026950808402e-08
210339048	0.7787114977836609
210340058	0.8137983083724976
210340480	0.7873648405075073
210340693	0.7763962745666504
210340787	0.6695331931114197
210341985	0.8272746801376343
210343180	0.7511316537857056
210343441	0.8141223192214966
210343769	0.8300703763961792
210345113	0.8461169004440308
210345296	0.8070178031921387
210345753	0.009662146680057049
210346328	0.6571986079216003
210346652	0.8319671750068665
210346920	0.8266620635986328
210346974	0.856600284576416
210347334	0.8258468508720398
210347399	0.7780998945236206
210347435	0.787665605545044
210347636	0.830517590045929
210347847	0.8343871235847473
210348109	0.007174371276050806
210348262	0.8519678711891174
210348362	0.7725250720977783
210348474	0.8401389718055725
210348713	0.776476263999939
210348941	0.7872812151908875
210349206	0.7308292388916016
210349518	0.801412045955658
210350167	0.8286982774734497
210350168	0.10553089529275894
210350446	2.9621005183320716e-24
210351800	0.7004162669181824
210352179	0.781391978263855
210352451	0.7617229223251343
210352532	0.7451350092887878
210353030	0.8071438670158386
210353211	0.8081110715866089
210353444	0.8473089933395386
210353939	0.8191301822662354
210354035	0.8207602500915527
210354103	0.7890649437904358
210354147	0.0
210354276	0.7950883507728577
210354368	0.8042665719985962
210354598	0.7517537474632263
210354910	0.8076629042625427
210355180	0.8462754487991333
210355220	0.7614695429801941
210355372	0.001452767290174961
210355380	0.8053227066993713
210355410	1.2972826880286448e-05
210355498	0.57832932472229
210355538	0.7294384837150574
210355590	0.7492474913597107
210355746	1.2416058403630359e-08
210356147	0.8597770929336548
210356407	0.8233587741851807
210356639	0.8303110003471375
210357145	0.8126397728919983
210357282	0.8418992757797241
210357460	0.0035440237261354923
210357684	0.7442547678947449
210357751	0.8168850541114807
210358034	0.08271785080432892
210358075	0.49614426493644714
210358224	0.8116330504417419
210358399	6.690795544272987e-06
210358828	0.8272459506988525
210358865	0.7514811158180237
210358970	0.7658376693725586
210359234	0.781578004360199
210359732	0.8042895197868347
210359769	0.6318507790565491
210360165	0.8079984784126282
210360368	0.7985575795173645
210360545	0.7865230441093445
210361551	0.7440268397331238
210361663	0.0007421912741847336
210361901	0.08426953107118607
210362013	0.7998479008674622
210362054	0.803450882434845
210362220	0.7225466966629028
210362551	0.6760202646255493
210362768	0.8515251278877258
210362829	0.7587252855300903
210362869	0.8242468237876892
210363545	0.7124664783477783
210363615	0.6312972903251648
210363732	0.7310309410095215
210363821	0.8683749437332153
210364114	0.792956531047821
210364482	0.7626976370811462
210364503	1.5255179278028663e-05
210364602	0.8440432548522949
210364668	0.8451919555664062
210365110	0.8135006427764893
210365511	0.8545437455177307
210365611	4.770056693814695e-05
210365718	0.8238897919654846
210366324	0.8039440512657166
210366338	6.456794653786346e-05
210366367	0.2940201163291931
210366389	0.0012327723670750856
210366718	0.8114767074584961
210366722	0.848267674446106
210366776	0.7277998924255371
210366981	0.8074213266372681
210366991	0.8411365747451782
210367238	0.8042193651199341
210367322	8.363193046534434e-06
210367333	0.0022624011617153883
210367940	0.8168846368789673
210368102	0.8710293769836426
210368383	0.0007624359568580985
210368652	0.8504028916358948
210368746	0.8250512480735779
210369231	7.907490362413228e-05
210369417	0.7865957617759705
210369431	0.8465499877929688
210369815	0.8200564384460449
210369887	0.8151721954345703
210370134	0.8252254128456116
210370150	0.81171053647995
210370237	0.8468641042709351
210370249	0.8353489637374878
210371034	0.8618292212486267
210371296	0.7088296413421631
210371471	0.7696676254272461
210371890	0.8074300289154053
210371894	0.823803186416626
210372185	0.8265714049339294
210372242	0.7466905117034912
210372277	0.7458536028862
210372335	0.8285567164421082
210372853	0.8216614723205566
210372872	0.8323106169700623
210373134	0.7830548882484436
210373234	0.7725392580032349
210373387	0.8363372087478638
210374175	0.03981819003820419
210374240	0.4135495722293854
210374659	0.6397193670272827
210375093	0.8471962213516235
210375280	0.7689887285232544
210375375	0.7558952569961548
210375563	0.8526224493980408
210375896	0.7410386204719543
210375929	0.002281180350109935
210375985	0.04870793595910072
210376024	0.7252017855644226
210376030	0.7820515036582947
210376109	0.7752911448478699
210376350	0.728137195110321
210376470	0.8275805711746216
210376554	0.7682319283485413
210376588	0.7804089784622192
210376697	0.8208885192871094
210377089	0.8738881349563599
210377172	7.273598021129146e-05
210377375	0.7875555157661438
210377906	0.6624075174331665
210377965	0.7996964454650879
210378120	0.6934478878974915
210378745	0.7478422522544861
210379617	0.767794132232666
210380085	0.7097660303115845
210380313	0.8066624402999878
210380337	0.8306455612182617
210380524	0.4933537244796753
210381130	0.6806220412254333
210381178	0.5906080603599548
210381185	0.8396903276443481
210381522	0.8050141930580139
210381604	0.8489548563957214
210381730	0.7969790697097778
210381786	0.853215754032135
210382166	0.7846721410751343
210382628	0.6894152164459229
210382643	0.8531516194343567
210382657	0.7287896871566772
210382967	0.7949178814888
210382978	0.774401843547821
210383009	0.724856436252594
210383030	0.04023273289203644
210383218	0.8264962434768677
210383479	0.8538166880607605
210383496	0.8631681203842163
210383669	0.795249879360199
210383672	0.0005917044472880661
210384074	0.8128793239593506
210384243	0.7203726768493652
210384417	0.7581210136413574
210384520	0.7720997929573059
210384590	0.08527053147554398
210385282	0.8226133584976196
210385758	3.983479324176642e-09
210385788	0.8299112319946289
210385859	0.8662806749343872
210385888	0.172146275639534
210385892	0.8428216576576233
210386083	6.615275196963921e-05
210386088	0.8733316659927368
210386124	0.21357759833335876
210386167	0.8522361516952515
210387006	0.8399730920791626
210387553	0.0016971008153632283
210387792	0.7002586722373962
210388247	0.5817282199859619
210388455	0.8468952178955078
210388524	0.5669522881507874
210388702	0.7702394127845764
210389069	0.8245760798454285
210389383	0.00023490322928410023
210389499	0.8421316146850586
210389575	0.7829620838165283
210389672	0.8417913317680359
210389881	0.781013011932373
210390373	0.7678707838058472
210390397	0.8244351744651794
210390488	0.7620142102241516
210390644	0.7739138603210449
210390678	0.7878431677818298
210391114	0.0
210391276	0.8537061810493469
210391399	0.7404914498329163
210391498	0.8192004561424255
210391604	0.811928927898407
210391786	0.754761815071106
210392376	0.7743704319000244
210392666	0.7808811664581299
210392690	0.001097724656574428
210392826	0.8546738624572754
210393254	0.7495653033256531
210393283	0.8618453741073608
210393318	0.829953670501709
210393419	0.8022820949554443
210393530	0.8082054853439331
210393535	0.8561688661575317
210393701	0.8731955289840698
210394263	0.8580563068389893
210394282	0.7719798684120178
210394365	0.7603752613067627
210394390	0.7715392112731934
210394641	0.7587255239486694
210394942	0.004142335616052151
210395123	0.7919516563415527
210395314	0.7746500372886658
210395341	0.7964236736297607
210395515	5.833823252032744e-06
210395735	0.01176786795258522
210395840	0.0001140893145930022
210396444	0.6738960146903992
210396618	0.8563646078109741
210396647	0.7739003896713257
210397103	0.770872950553894
210397202	0.8011028170585632
210397329	0.6973398327827454
210397591	0.7714677453041077
210397926	0.836639940738678
210398004	0.0963355079293251
210398074	0.8475500345230103
210398225	0.8281912803649902
210398309	0.7774348855018616
210398698	0.6408492922782898
210398968	0.8486677408218384
210399062	0.25662583112716675
210399117	0.7999727725982666
210399142	0.8300697207450867
210399848	0.8632113933563232
210400037	0.8089194297790527
210400570	0.8316565752029419
210400735	0.5858063697814941
210400751	0.8004346489906311
210400897	0.7576924562454224
210400927	0.8318371176719666
210401066	0.8650674223899841
210401167	0.8036852478981018
210401186	0.8454432487487793
210401221	0.821003258228302
210401497	0.8138664960861206
210401543	0.822230339050293
210401938	0.7926256060600281
210402066	0.8675170540809631
210402237	0.842939555644989
210402340	0.8106446862220764
210402430	0.672012984752655
210402468	0.7845465540885925
210402751	0.684070885181427
210403090	0.8730226159095764
210403721	0.7267788648605347
210403725	0.7873183488845825
210404028	0.753136396408081
210404097	0.7698633670806885
210404101	0.8367817401885986
210404130	0.806377112865448
210404194	0.2545856833457947
210404681	0.02914224937558174
210404794	0.7550596594810486
210405680	0.8025689721107483
210405995	0.7714887261390686
210406057	0.2555030286312103
210406141	0.8791918754577637
210406175	0.8433747887611389
210406259	0.6949061155319214
210406345	0.06693655252456665
210406347	0.0699034184217453
210406389	0.8102208971977234
210406440	0.6544715762138367
210406554	0.7598299980163574
210406779	0.20288483798503876
210406783	0.7283227443695068
210406965	0.7748681306838989
210406991	0.7898445725440979
210407063	0.6382164359092712
210407190	0.7494596838951111
210407362	0.764959454536438
210407617	0.8029302954673767
210407779	0.7987359762191772
210407818	0.7549084424972534
210407864	0.7070954442024231
210407893	9.177020729111973e-06
210407918	0.00231633591465652
210408161	0.6749624013900757
210408195	0.5827448964118958
210408447	7.755192512261846e-30
210408565	0.8119942545890808
210408821	0.7807894945144653
210408860	0.8147820234298706
210408945	0.010891971178352833
210409453	0.8099362254142761
210409688	0.7990668416023254
210409782	0.7763333320617676
210409791	2.881029104173649e-05
210409980	0.8052507638931274
210410341	0.7572780251502991
210410454	0.8098600506782532
210410511	0.7315558791160583
210410512	0.8309942483901978
210410871	0.5094479918479919
210411030	0.7912288308143616
210411418	0.8385976552963257
210411525	0.007947725243866444
210411548	0.7837374210357666
210411583	0.03822796046733856
210411633	0.8245575428009033
210411657	0.7203603386878967
210411950	0.7986425757408142
210412146	0.7945398092269897
210412303	0.8009827136993408
210412318	0.7805803418159485
210412502	0.8783708810806274
210412652	0.7685598134994507
210412951	0.7844127416610718
210413017	0.7872214317321777
210413222	0.82748943567276
210413441	0.764359712600708
210413459	0.7021328806877136
210413531	0.6629334092140198
210414207	0.7390002608299255
210414596	0.7969412803649902
210415364	0.782519519329071
210416145	0.7245190143585205
210416257	0.7972409725189209
210416291	8.322179201059043e-05
210416474	0.7587663531303406
210416662	0.7827426791191101
210416759	0.8111661076545715
210416836	0.7753910422325134
210416841	0.8066911101341248
210416903	0.8244519233703613
210417332	0.7607371807098389
210417900	0.006055843085050583
210417921	0.8237471580505371
210418253	0.8258731365203857
210418471	0.8016294240951538
210418851	0.7683510780334473
210419080	0.7929953932762146
210419412	0.3547118008136749
210419428	0.8537789583206177
210419687	0.8186287879943848
210419818	0.7743872404098511
210420034	0.8102610111236572
210420216	0.8059455752372742
210420283	0.6394336819648743
210420328	0.7505382895469666
210420817	0.8390737771987915
210420861	0.819337785243988
210420962	0.8089132308959961
210421289	0.8112379908561707
210421405	0.0003235209733247757
210421536	0.7877457141876221
210421615	0.852121889591217
210421909	0.5357640385627747
210422541	0.8164972066879272
210422612	0.47758832573890686
210422650	0.7509965896606445
210422892	0.7782366871833801
210422986	0.7501286864280701
210423122	0.8204664587974548
210423132	0.5035085082054138
210423263	0.7754177451133728
210423270	3.212199430890905e-07
210423313	0.8678771257400513
210423368	0.5129106044769287
210423468	0.604171097278595
210423485	0.7887561917304993
210423623	0.7895671725273132
210423815	0.8302285075187683
210423858	0.8676152229309082
210424026	0.7787594795227051
210424239	0.7738848328590393
210424293	0.8397093415260315
210424401	0.8264704346656799
210424774	0.7920836806297302
210424866	0.7619293928146362
210425208	0.7612653970718384
210425298	0.7121744751930237
210425592	0.8408487439155579
210425787	0.8170241117477417
210425792	0.8043910264968872
210425841	0.6189389824867249
210425868	0.6624557375907898
210425936	0.8385927081108093
210425963	0.7491269111633301
210426033	0.8159406185150146
210426070	0.7865696549415588
210426409	0.7686935067176819
210426451	0.8080117106437683
210426515	1.843613790697418e-05
210426626	0.7679943442344666
210426640	0.06192042678594589
210426676	0.8082002401351929
210426685	0.59214186668396
210426688	0.5102745890617371
210426692	0.7697874903678894
210427123	0.5393160581588745
210427170	0.824996829032898
210427196	0.8405525088310242
210427245	0.8038678169250488
210427458	0.7598934173583984
210427477	0.7834503054618835
210427671	0.8113685250282288
210427931	0.04278919845819473
210428151	0.7750939726829529
210428156	0.7105303406715393
210428163	0.7455800771713257
210428184	0.7825034856796265
210428466	0.7797269225120544
210428497	0.01077203918248415
210428667	0.7954798340797424
210428684	0.8210415840148926
210428882	0.7890991568565369
210429021	0.8004086017608643
210429153	0.5070698261260986
210429279	0.6081611514091492
210429557	0.7524645924568176
210429666	0.7850067019462585
210429969	1.7849495634436607e-05
210430114	0.8495281338691711
210430195	0.8227536678314209
210430246	0.655584454536438
210430671	0.7126784324645996
210430992	0.8095287680625916
210431015	0.023384863510727882
210431035	0.5944636464118958
210431149	0.8270347714424133
210431294	0.7067267894744873
210431430	0.4531616270542145
210431576	0.7527372241020203
210431604	0.8398719429969788
210431637	0.7645086646080017
210431651	0.8266307711601257
210431663	0.7513584494590759
210432075	0.8105195760726929
210432103	0.8404222130775452
210432218	0.10490483045578003
210432248	0.7910311222076416
210432553	0.8086562156677246
210432630	0.748479425907135
210432719	0.8335667252540588
210432741	0.8024299740791321
210432802	7.89642144809477e-05
210432817	0.7332672476768494
210432953	0.7853087186813354
210433079	0.7855257391929626
210433189	0.7443500757217407
210433327	0.7762627601623535
210433331	0.784784734249115
210433394	0.061693694442510605
210433399	0.4349818825721741
210433805	0.8429170846939087
210433953	0.8319975137710571
210434334	0.7699784636497498
210434494	0.7824556827545166
210434629	0.5743134617805481
210434654	1.080483571540456e-21
210434785	0.853220522403717
210435125	0.7718929648399353
210435349	0.785631000995636
210435620	0.8697877526283264
210435673	0.7835453152656555
210436133	0.757899820804596
210436303	0.00038714014226570725
210436506	0.7190080285072327
210437025	0.8038091659545898
210437115	0.7770958542823792
210437497	0.33893880248069763
210437593	0.2825995981693268
210437621	0.7736862897872925
210437844	0.7494997382164001
210438072	0.8009055852890015
210438079	0.7784041166305542
210438345	0.6078823804855347
210438350	0.00018258269119542092
210438495	0.782935380935669
210438780	0.6034626960754395
210438802	0.6257774233818054
210438812	0.7878707647323608
210439048	0.7811270952224731
210439053	0.7431324124336243
210439182	0.766912579536438
210439275	0.7507544755935669
210439467	0.8014613389968872
210440058	0.7676488757133484
210440696	0.7845397591590881
210440706	0.7990420460700989
210440836	0.8621218204498291
210440844	0.7853873372077942
210441109	0.8110256791114807
210441301	1.6387483583457652e-06
210441595	0.0012090333038941026
210441729	0.8476774096488953
210441911	0.7985578179359436
210441972	0.7600672245025635
210442366	0.7592095732688904
210442739	0.8403024077415466
210442768	0.0022229680325835943
210443044	0.8189149498939514
210443253	0.8057945370674133
210443703	0.7926387786865234
210444075	0.8272944092750549
210444078	0.8304288983345032
210444090	0.8112109899520874
210444262	0.8120625615119934
210444492	0.01869802176952362
210444585	0.7482917308807373
210444738	0.8217644095420837
210444795	4.7539717343170196e-05
210444801	0.7508026957511902
210444925	0.8213489651679993
210445411	0.0
210445455	0.6500501036643982
210446432	0.7940884828567505
210446614	0.7802151441574097
210446912	0.8121221661567688
210447104	0.7759699821472168
210447300	0.8038184642791748
210447822	0.8273512125015259
210447875	0.7818638682365417
210447979	0.6110031604766846
210448102	0.7466606497764587
210448314	0.8323311805725098
210448454	0.6717239022254944
210448542	0.8061724305152893
210448716	0.846354603767395
210448729	0.7795546054840088
210448987	0.7538195252418518
210449401	0.7829173803329468
210449859	0.8232962489128113
210449862	0.8065776824951172
210450253	0.7264794707298279
210450505	6.3447869251831435e-06
210451200	0.06023785471916199
210451503	0.7591995596885681
210451611	0.0005241730250418186
210452034	0.7712299227714539
210452038	0.759734034538269
210452082	0.033036939799785614
210452276	0.752533495426178
210452337	0.8002161383628845
210453045	0.8410350680351257
210453623	0.7782747745513916
210453697	0.7597672939300537
210454041	0.783454954624176
210454297	0.8330520987510681
210455300	0.8306220173835754
210455478	0.3572329580783844
210456015	0.5874307751655579
210456043	0.8238088488578796
210456872	0.0016394235426560044
210457222	0.8247426748275757
210457341	0.7231040596961975
210457400	0.8008288741111755
210457705	0.8201515674591064
210457993	0.5405316352844238
210458107	0.0004725124454125762
210458271	7.768752766423859e-06
210458542	0.6414257884025574
210458618	0.8287683725357056
210458863	0.8310624361038208
210459446	0.0028626660350710154
210459700	0.7695176005363464
210459906	0.8174139261245728
210459910	0.7084261178970337
210459958	0.8045011162757874
210460225	0.7863196134567261
210460331	0.7999720573425293
210460489	0.8213930726051331
210460801	0.6330942511558533
210460802	0.7881545424461365
210460963	0.7694380879402161
210461013	0.7971838712692261
210461470	0.8041239976882935
210461627	0.7446991801261902
210461649	0.7338714599609375
210461723	0.8522075414657593
210461786	0.7857855558395386
210461958	0.8163328170776367
210462206	0.8023241758346558
210462537	0.786475419998169
210462649	0.8047971129417419
210462964	0.7672070264816284
210463038	0.834120512008667
210463045	0.8480720520019531
210463124	0.8494411110877991
210463175	0.7565531134605408
210463286	0.7151785492897034
210463366	0.5168095827102661
210464453	0.8332648277282715
210464479	0.7702404856681824
210464591	0.7091419696807861
210464687	0.8351366519927979
210464871	0.7822509407997131
210465054	0.8227411508560181
210465123	0.8626497387886047
210465287	0.796474814414978
210465350	0.8213717341423035
210466088	0.8004503846168518
210466173	0.8514865636825562
210466583	0.7880228161811829
210466679	0.7647694945335388
210466843	0.7122811675071716
210466989	0.8325818181037903
210467819	0.7809933423995972
210468114	0.7535824775695801
210468178	0.7479935884475708
210468209	0.7887662053108215
210468282	0.7070335745811462
210468499	0.7020021677017212
210468558	0.8253703117370605
210469497	0.7775469422340393
210469926	0.5802373290061951
210470092	0.801022469997406
210470100	0.7277085781097412
210470382	0.7769259214401245
210471039	0.828321099281311
210471272	0.8516119718551636
210471390	0.005732303485274315
210472177	3.738540181075223e-05
210472617	0.7630385756492615
210473400	0.7892756462097168
210473848	0.2786007225513458
210474556	0.0007493171724490821
210474569	0.7937172055244446
210474654	0.7866038084030151
210474883	0.7407397627830505
210475095	0.8255472183227539
210475174	0.7839521765708923
210475442	0.744015634059906
210475555	0.7599977850914001
210475820	0.701081395149231
210475863	0.7814003825187683
210475946	0.8297178149223328
210476012	0.011777215637266636
210476182	0.7921971678733826
210476247	0.7871237993240356
210476411	0.8099007606506348
210476829	0.7995086908340454
210476850	0.6629735231399536
210476976	0.7778290510177612
210477514	0.7146269083023071
210478399	0.5851686596870422
210478508	0.07524213939905167
210478512	0.7845861315727234
210478572	0.6998217105865479
210478582	0.01825968734920025
210478823	0.7850074172019958
210478933	0.7863504886627197
210479001	0.3580550253391266
210479026	0.8141148090362549
210479116	0.632942259311676
210479151	0.8307029604911804
210479355	0.8044103384017944
210479508	0.7732557058334351
210479678	0.862545907497406
210479730	0.7954070568084717
210479761	0.7902653217315674
210480024	0.8255163431167603
210480153	0.7983090281486511
210480290	0.34841129183769226
210480392	0.7333371043205261
210480492	0.6103267073631287
210480582	0.7891567349433899
210480597	4.253725819580723e-06
210480663	0.7064364552497864
210481099	0.707840621471405
210481572	0.8120356798171997
210481820	0.794689953327179
210481853	0.02163412794470787
210482158	0.8014229536056519
210482208	0.7518373131752014
210482239	0.8144326210021973
210482409	0.7830235362052917
210482427	0.4967009723186493
210482429	0.7879428267478943
210482520	0.7617102265357971
210482638	0.5486139059066772
210483036	0.14699390530586243
210483125	0.0013714383821934462
210483351	0.000785485899541527
210483488	0.8004693984985352
210483599	0.8470944166183472
210483632	0.7661296129226685
210484192	0.11396286636590958
210484200	0.8313793540000916
210484202	0.8027043342590332
210484310	0.808655858039856
210484866	0.06461396813392639
210485267	0.7578486204147339
210485552	0.763072669506073
210485566	0.8290174007415771
210485772	0.782494306564331
210486031	0.7896378636360168
210486055	0.7550325989723206
210486327	0.7117483615875244
210486424	0.6819727420806885
210487157	0.8112843036651611
210487366	0.8292805552482605
210487448	0.6528017520904541
210487614	0.5946452617645264
210488214	0.7642074227333069
210488239	0.8371875286102295
210488682	0.43088141083717346
210488734	0.6681228280067444
210488943	0.8052152991294861
210489127	0.0077301086857914925
210489208	0.6973364949226379
210489350	0.7943484783172607
210489743	0.7985602021217346
210489759	0.8061684370040894
210490213	0.3073199689388275
210490342	0.5234919786453247
210490488	0.8167749047279358
210490695	0.7657086253166199
210490725	0.6346867680549622
210490731	0.7006057500839233
210491117	0.6768261194229126
210491158	0.023584410548210144
210492045	0.040896691381931305
210492741	0.8067381978034973
210492834	0.7403691411018372
210492960	0.8544170260429382
210493199	0.7714996337890625
210493260	0.7574023604393005
210493284	0.8155051469802856
210493646	0.8353008031845093
210493670	0.6021812558174133
210494577	0.45172402262687683
210494612	0.0006536647561006248
210495066	0.7262865900993347
210495264	0.7756672501564026
210495300	0.5889902114868164
210495323	0.807511031627655
210495330	0.8184729814529419
210495430	0.7939844131469727
210495484	0.6849504709243774
210496004	2.348634006921202e-05
210496027	0.7708707451820374
210496126	0.6643728613853455
210496303	0.5529028177261353
210496756	0.7786191701889038
210496938	0.8150987029075623
210497167	0.6969382762908936
210497278	0.535560667514801
210497530	0.534907877445221
210497570	0.809883177280426
210497627	0.7436376810073853
210497694	0.8035109043121338
210498081	0.4936157166957855
210498367	0.8171574473381042
210499237	0.7745151519775391
210499243	4.851870366926045e-16
210499651	0.7856441140174866
210499882	0.06382226198911667
210499976	0.7912105321884155
210500276	0.7561044096946716
210500352	0.7482818961143494
210500981	0.45590341091156006
210501053	0.8468226194381714
210501149	0.0
210501386	0.8156467080116272
210501458	0.7133107781410217
210504537	2.4407399905612692e-05
210504552	0.8051912188529968
210505000	1.88402680123545e-07
210505099	1.1726723758709312e-10
210505112	0.765514612197876
210505125	0.052550703287124634
210505393	1.598238668520935e-05
210505487	0.8073256015777588
210505501	0.019934166222810745
210505627	0.7263134717941284
210505835	4.3453401303850114e-06
210506319	0.7432054281234741
210506860	0.8141807913780212
210506907	0.6655988097190857
210506911	0.7711989879608154
210507093	0.8193812966346741
210507437	0.778725802898407
210507537	0.0006356650847010314
210507827	0.669434666633606
210507911	0.12817269563674927
210508352	0.8190151453018188
210508673	0.7549839019775391
210509688	0.4759814739227295
210509865	0.7665364742279053
210510019	0.8008223176002502
210510024	0.7039823532104492
210510363	1.1512164519444923e-06
210510518	0.7125511169433594
210511258	0.8292742967605591
210511575	3.136058148811571e-05
210511987	0.809272289276123
210512049	0.8181824684143066
210512162	0.0
210512824	0.8618276715278625
210512839	0.42491012811660767
210512842	0.7832744717597961
210512929	0.7379518747329712
210513144	0.7394698858261108
210513377	0.7688194513320923
210513503	0.7937695980072021
210513601	0.7753034234046936
210513819	2.410322963442013e-07
210513931	0.7906891703605652
210514408	0.7770086526870728
210514428	0.7594748735427856
210514648	0.803316056728363
210514681	0.7624586820602417
210514731	6.80609155097045e-05
210514964	0.06728652864694595
210515020	0.7907164692878723
210515098	0.7993753552436829
210516215	0.6383010745048523
210516237	0.7449576258659363
210516686	0.7965446710586548
210516826	0.8255025744438171
210516858	7.92173352692771e-07
210517067	0.4871249198913574
210517235	0.8090938925743103
210517531	0.7667600512504578
210517608	0.7568182349205017
210517656	1.9559281554393237e-06
210517788	0.8502597212791443
210517837	0.7013030052185059
210518407	0.8273614048957825
210518739	0.0004474077431950718
210518983	0.8095950484275818
210519253	0.6719973087310791
210519295	0.49866437911987305
210519522	0.7692621350288391
210519559	0.6542587280273438
210519645	0.7615715265274048
210519764	0.799940288066864
210519765	0.7946924567222595
210519822	0.852387011051178
210520513	0.0008429900044575334
210520582	0.7111442685127258
210520786	0.7933895587921143
210520875	0.7626041173934937
210520879	0.0024489741772413254
210521364	1.099567725759698e-05
210521397	0.7473275661468506
210521876	0.8230857253074646
210522057	0.00045286485692486167
210522228	0.0
210522673	0.7165340185165405
210523520	0.8445717692375183
210523679	0.34669849276542664
210524086	0.001609062310308218
210524894	0.011738364584743977
210524974	0.8044419288635254
210525455	0.7637965083122253
210525462	0.6822351813316345
210525500	0.8116093277931213
210525745	0.7508339881896973
210525912	0.4567473828792572
210526307	0.7145227193832397
210526913	0.8040145635604858
210527168	0.5781000256538391
210527379	0.7904256582260132
210527488	0.4845362901687622
210527600	0.7896202206611633
210527875	0.8072622418403625
210528063	0.8211405277252197
210528175	0.8166673183441162
210528560	0.7959161996841431
210528634	0.793287456035614
210529099	0.845622718334198
210529407	0.7237403988838196
210530130	0.5524997711181641
210530173	0.0
210530649	0.45496314764022827
210530922	0.002649232978001237
210531194	0.7010216116905212
210531451	0.8751633763313293
210531580	0.12249615043401718
210531620	0.8411756157875061
210531858	2.6040490411105566e-05
210532268	0.8234866261482239
210532642	0.7655677795410156
210533262	0.6342071890830994
210533695	0.7612568140029907
210533799	0.7629322409629822
210535083	0.6663347482681274
210535409	0.4586327075958252
210535512	0.789223849773407
210536846	0.5427905321121216
210538146	0.8232806921005249
210538361	0.7678207159042358
210538539	0.5567435026168823
210538654	0.7438800930976868
210538844	0.8226161599159241
210538885	0.7737611532211304
210539211	0.6851770877838135
210539305	0.8111374378204346
210540096	0.7331179976463318
210540396	0.7750940918922424
210540507	0.7288941144943237
210541469	0.7946904897689819
210541952	0.009417534805834293
210542037	6.559770554304123e-06
210542462	0.40689361095428467
210542516	0.7958723902702332
210542521	0.7736932635307312
210542562	0.0
210542627	0.8052560091018677
210543232	0.5974618196487427
210543708	0.6853567957878113
210543857	0.4666499197483063
210544025	0.8011307716369629
210544822	0.8041599988937378
210544982	0.758306622505188
210544991	0.02307577058672905
210545136	0.8543135523796082
210545274	0.799623429775238
210546223	0.8333914279937744
210546543	0.19106905162334442
210546691	0.7962613701820374
210547904	0.6869847178459167
210548107	0.8012205958366394
210548530	0.6725863814353943
210548604	0.7854689359664917
210548723	0.7789775729179382
210548838	0.7841070890426636
210549352	0.7979052662849426
210549535	0.012787527404725552
210549572	0.7476561665534973
210550103	0.8744672536849976
210550751	0.7315523028373718
210550875	0.7672114372253418
210550946	4.338226062827744e-06
210551101	0.856300413608551
210551854	0.8324738144874573
210552194	0.7451834678649902
210552355	0.7812479734420776
210552998	0.8155080676078796
210553261	0.8323311805725098
210553289	0.6100381016731262
210553678	0.7092258930206299
210554696	0.8122097849845886
210554956	0.005007394589483738
210554993	0.7966163158416748
210555036	0.7196142077445984
210555082	0.8115204572677612
210555475	0.00394858792424202
210555660	0.755305826663971
210555976	0.022757098078727722
210555985	0.8577179908752441
210556774	0.7752482891082764
210557093	0.6349079012870789
210557508	0.6254481673240662
210557541	4.3525251385290176e-05
210557904	0.7548322081565857
210558022	0.7953157424926758
210558544	0.795100748538971
210558622	0.8160477876663208
210559735	0.8010410070419312
210561013	1.5525170965702273e-05
210561459	0.0034431100357323885
210561483	0.7869251370429993
210561697	0.760296106338501
210562193	0.749294102191925
210562282	0.007999134249985218
210562330	0.0
210564053	0.7858677506446838
210565241	0.7349696755409241
210565259	0.7861689329147339
210565838	0.7721962332725525
210565866	0.7913694381713867
210566397	0.5262463688850403
210566444	0.2142924666404724
210566479	0.6961714625358582
210567045	0.8222457766532898
210567450	0.7598544955253601
210567766	0.7023723125457764
210568002	0.7891955971717834
210568200	0.5835340023040771
210568328	0.8075818419456482
210568529	0.7765001654624939
210569128	0.7959762811660767
210569428	0.7284168601036072
210569594	0.7279549241065979
210570081	0.8187292814254761
210570669	0.6240628361701965
210572047	0.8432810306549072
210572899	0.01864347793161869
210573210	0.010551967658102512
210573261	0.013313385657966137
210573537	0.12235294282436371
210573835	0.272863507270813
210574086	0.8142632246017456
210574290	0.8125290870666504
210574585	0.015546881593763828
210574742	0.7830662131309509
210575130	2.735903581196908e-05
210576077	0.7819116115570068
210576227	0.7881541848182678
210576234	2.3393689329437306e-13
210576472	0.0
210576542	0.7338692545890808
210576556	0.7856988906860352
210576611	0.7994340062141418
210576874	0.7788143754005432
210576889	0.056521378457546234
210577050	8.624991460237652e-05
210577261	0.7966249585151672
210577548	0.857215166091919
210577657	0.7607682347297668
210578113	0.10085341334342957
210578532	0.00012990999675821513
210578691	0.7247492671012878
210579253	0.6255636811256409
210580014	0.793747067451477
210580175	0.8338339328765869
210580236	0.7917160391807556
210580990	0.13524043560028076
210581012	0.10316900163888931
210581034	0.8001482486724854
210581202	0.0
210581470	0.7925035357475281
210582056	0.043466679751873016
210582129	0.7815148234367371
210582309	0.8093401789665222
210584156	0.749603807926178
210584294	0.7804566025733948
210584324	0.7517778873443604
210584462	0.7538279294967651
210585133	0.0004547838761936873
210585259	0.701953113079071
210585361	0.8300459384918213
210585896	0.5673952102661133
210586011	0.8082301616668701
210586300	0.8414604067802429
210586581	0.781366229057312
210586950	0.8205543756484985
210586967	0.0032237328123301268
210586984	1.9037468966192808e-33
210587638	0.8256685137748718
210588175	0.722221314907074
210588341	0.8086031079292297
210588959	0.6620184779167175
210589088	0.8155804872512817
210589604	0.8562523722648621
210589718	0.8236918449401855
210589795	2.0651948033634238e-13
210589911	0.7973232269287109
210589989	0.7727617025375366
210590023	0.45191600918769836
210590083	0.3966113328933716
210590283	0.7925378084182739
210590755	0.6566725373268127
210591380	0.6932420134544373
210591888	0.8000063300132751
210592909	0.02578275464475155
210593358	0.8022416830062866
210593410	0.3518450856208801
210594040	0.8109727501869202
210594356	0.5979198813438416
210594798	0.4798065721988678
210594854	0.7550494074821472
210595579	0.7540932297706604
210596506	0.7326611280441284
210596544	0.7787842154502869
210596693	0.8389846086502075
210596699	0.7929366827011108
210596719	0.7400670051574707
210597319	0.4649883806705475
210597665	0.6953904032707214
210598340	0.5973864197731018
210598347	0.7733441591262817
210598969	0.3060927093029022
210599058	0.0005469688912853599
210599330	3.298335286672227e-06
210599414	0.8337258696556091
210599467	0.7995026707649231
210599695	0.7856168150901794
210599792	0.0008656980353407562
210600314	0.6460717916488647
210602466	0.7400358319282532
210602685	0.8169716596603394
210602727	0.4511236548423767
210602794	0.6883087158203125
210603330	0.8491506576538086
210603422	0.7510468363761902
210603795	0.022472037002444267
210605233	0.6475295424461365
210605371	0.815689206123352
210605519	0.7853899002075195
210605557	8.924298163037747e-05
210606310	0.7962769269943237
210606491	0.852975070476532
210606650	0.8310961127281189
210607031	0.8138836622238159
210608233	0.7722678780555725
210608699	0.7873184680938721
210608760	0.26714181900024414
210608892	0.8046176433563232
210608897	0.004405179526656866
210609156	0.5334547758102417
210611076	0.8050771951675415
210611675	0.6302543878555298
210611976	0.8018051981925964
210612027	0.7695844769477844
210613925	0.6902212500572205
210614157	0.006033222656697035
210614477	0.7425176501274109
210614617	0.7551026940345764
210614981	0.6923055052757263
210615625	0.8021995425224304
210616225	0.6954988241195679
210616740	0.8624653816223145
210616794	0.09090400487184525
210617160	0.798471987247467
210617543	0.7921722531318665
210617643	0.7078254818916321
210617827	0.7499508261680603
210618591	0.7348074913024902
210619963	0.04293503612279892
210620508	0.8433408141136169
210620793	0.8102298974990845
210621463	0.8004063963890076
210622013	0.7703884243965149
210622339	0.7993209362030029
210622384	0.48513415455818176
210622388	0.2859009802341461
210622852	0.7776047587394714
210623357	0.03854195773601532
210623530	0.6717914938926697
210624145	0.7932643890380859
210624910	0.8431282043457031
210625325	0.6565588116645813
210625837	0.5046421885490417
210626218	0.763576865196228
210626232	0.7941477298736572
210626780	0.8181907534599304
210626797	0.20714887976646423
210626805	0.8441721796989441
210626852	0.5740801095962524
210626900	0.023534106090664864
210626938	0.8319417834281921
210627352	0.04795035347342491
210627659	0.6024965047836304
210629028	0.836652398109436
210629082	0.7644608616828918
210629204	0.23961369693279266
210630901	0.304909884929657
210631151	0.5746241807937622
210631378	0.7532467246055603
210632303	0.8387755155563354
210632918	0.7627778053283691
210633283	0.8280025124549866
210633970	0.8541759848594666
210634475	0.8115037679672241
210635119	0.0030057099647819996
210635651	0.7668039202690125
210635702	0.4674779176712036
210637688	0.7695081233978271
210637691	0.7676844596862793
210637769	0.7367658615112305
210638222	0.7459229230880737
210638879	0.0003048122744075954
210639440	0.8228309154510498
210639546	0.8771624565124512
210639742	0.8351448774337769
210640204	0.6822443008422852
210640237	0.7788416147232056
210641434	0.7875128388404846
210641555	0.7702308893203735
210641603	0.3770116865634918
210641629	0.5809821486473083
210641701	0.001197441597469151
210642942	0.8526399731636047
210643133	0.844831109046936
210643811	0.15532222390174866
210644260	0.7515747547149658
210644816	0.7999553084373474
210645185	0.7982063889503479
210645805	0.8517348766326904
210646017	0.0
210646715	0.8021978139877319
210647813	0.7812243103981018
210648642	0.5469720959663391
210648955	0.7842771410942078
210649205	0.8203847408294678
210649605	6.532776023959741e-05
210650014	0.7894334197044373
210650125	0.7456121444702148
210650733	0.8486650586128235
210651435	0.0008743035141378641
210651865	0.8179837465286255
210652029	0.7395804524421692
210652107	0.5497670769691467
210652602	0.7895232439041138
210653291	0.41746747493743896
210653298	0.6791111826896667
210653320	0.6781198978424072
210653412	0.8199895620346069
210653860	0.7980750799179077
210653914	0.6910907626152039
210654237	0.09991174936294556
210654734	0.7173406481742859
210654881	0.0
210654889	0.7636213898658752
210655107	0.38813263177871704
210656499	0.5777751207351685
210658514	0.7883520126342773
210658856	0.7187520265579224
210658928	0.5053842067718506
210659016	0.7065600156784058
210659882	0.4106055796146393
210659945	0.6840007305145264
210660159	0.8376392722129822
210660686	0.7711978554725647
210660712	0.00038102269172668457
210660773	0.8371018767356873
210661100	0.7373262047767639
210661166	0.07846762984991074
210661738	0.7891439199447632
210661994	0.5367591977119446
210662122	0.10184724628925323
210662134	0.8362547159194946
210663063	0.8327621221542358
210663808	0.726369321346283
210663811	0.693377673625946
210663943	0.0038928238209336996
210664082	0.813500165939331
210664763	0.8274638056755066
210665092	0.3462435305118561
210665262	0.46076762676239014
210665335	0.7854582667350769
210665760	0.7015933990478516
210666042	0.7376141548156738
210666742	0.8334162831306458
210666983	0.7706776857376099
210667155	0.8639206290245056
210667186	0.6667459011077881
210667381	0.7663843035697937
210667626	0.6823760867118835
210668314	0.0
210668500	0.7953490614891052
210668546	0.7099375128746033
210668583	0.17086227238178253
210669297	0.7690243721008301
210669299	0.8326703906059265
210669399	0.7600512504577637
210669489	0.0070688072592020035
210669719	0.7735000252723694
210669959	0.8128697872161865
210670486	0.005805371794849634
210670887	0.7557109594345093
210670925	0.7147946953773499
210670969	0.8065397143363953
210671020	0.8175219893455505
210671201	0.633041262626648
210671362	0.7493666410446167
210671877	0.7301409244537354
210672069	0.7669411897659302
210672109	0.789862334728241
210672296	0.7154052257537842
210673587	0.008954079821705818
210673610	0.7941631078720093
210673741	0.6391111016273499
210673796	0.8118904232978821
210673842	0.602064311504364
210674223	0.7986228466033936
210674233	0.7873519062995911
210674385	0.6356180906295776
210674996	3.4378938806867154e-08
210675409	0.6280564069747925
210676049	0.8176921606063843
210676219	0.001203032094053924
210676231	0.7151296138763428
210676245	0.7953029870986938
210676384	0.7967088222503662
210676388	0.7449615001678467
210677377	0.5231162309646606
210677703	0.8349871039390564
210677927	0.7712738513946533
210678099	0.008243228308856487
210679075	0.8365464210510254
210679324	0.00036143462057225406
210679459	4.727740687826554e-08
210679592	0.8724795579910278
210680070	0.7855415344238281
210680151	0.7132669687271118
210680508	0.7659039497375488
210681009	0.07483974099159241
210681239	0.00021295901387929916
210681792	0.03925669938325882
210681947	0.8536211252212524
210682130	0.8142750859260559
210682296	0.8444969654083252
210682736	0.804356038570404
210683006	0.6821684241294861
210683251	0.7451379895210266
210683700	0.8345047831535339
210684063	0.8077902793884277
210684075	0.829395592212677
210684874	0.735558271408081
210684902	0.007374641019850969
210685054	0.8335790038108826
210685477	0.8182140588760376
210685585	0.8602770566940308
210685692	0.7593868374824524
210686138	0.8039947152137756
210686186	0.7960877418518066
210686220	0.8417922854423523
210686705	0.01113627664744854
210686716	0.5579735040664673
210686969	0.8228660225868225
210687196	0.055806808173656464
210687236	0.01771724410355091
210687710	0.0003016585251316428
210688360	0.005799166392534971
210688526	0.745439350605011
210688766	0.7914623618125916
210688929	0.862650990486145
210688994	0.7053017616271973
210689067	0.7540464401245117
210689609	0.808756947517395
210690609	0.7341815829277039
210691240	0.8444293141365051
210691501	0.8540784120559692
210692484	0.8084110021591187
210692557	0.8477983474731445
210692739	0.7451207637786865
210692743	0.6249794363975525
210692959	0.8421454429626465
210693194	0.8279868364334106
210693462	0.7614215016365051
210694125	0.8710122108459473
210694695	0.7916522026062012
210695144	0.8274843096733093
210695583	0.8641284108161926
210695905	1.3124230435063167e-12
210695950	0.8632902503013611
210696205	0.47753989696502686
210696288	0.6595495939254761
210696425	0.6359850168228149
210697354	0.007685265503823757
210697531	0.7235921025276184
210698245	0.8000507950782776
210698373	0.771870493888855
210698867	0.7167419195175171
210699550	0.8534218072891235
210699613	0.048153530806303024
210700765	0.7591462135314941
210701201	0.8441764712333679
210701207	0.1968248337507248
210701482	0.8010690808296204
210702057	7.102744348230772e-08
210702527	0.828291654586792
210702788	7.170901312747446e-07
210702868	0.8664531111717224
210702898	0.0012709051370620728
210703374	0.81368488073349
210703394	0.7653574347496033
210703566	0.8225626945495605
210704340	0.7689167261123657
210705174	0.6908144950866699
210705491	0.8460574746131897
210705899	0.7222177386283875
210706369	0.7261305451393127
210706376	3.610211570048705e-05
210706665	0.8413645029067993
210707799	0.7994166016578674
210708222	0.7639252543449402
210708282	0.00041407349635846913
210708483	0.3599013090133667
210708537	0.8168525099754333
210708889	0.8363448977470398
210708924	0.7349230647087097
210708991	0.7852978110313416
210709386	0.8185628056526184
210709514	0.8387492299079895
210709659	0.01763184741139412
210709672	0.464184045791626
210710170	0.07694816589355469
210710221	0.7041794657707214
210710483	0.16835495829582214
210710613	0.085655078291893
210710668	0.8409343957901001
210711233	0.6679591536521912
210711616	1.4574331430594611e-07
210711698	0.5394251346588135
210711928	0.3239404261112213
210712019	0.16732023656368256
210712064	0.8374807834625244
210712302	0.8248779773712158
210712431	0.7736300230026245
210712461	1.4438270579120172e-09
210712484	0.5354021191596985
210712613	0.8327482342720032
210712623	0.17172124981880188
210712855	0.5993421077728271
210712904	0.6271865963935852
210712966	0.8265718817710876
210713788	0.0005714856088161469
210713893	0.8341018557548523
210714002	0.8338159918785095
210714161	0.8458971381187439
210714190	0.845043957233429
210714565	0.7520709037780762
210714581	0.827606737613678
210715008	0.6297301650047302
210715622	0.7034705877304077
210715841	0.7629507184028625
210716071	0.8494283556938171
210716606	0.0003200738865416497
210716656	5.2642080845544115e-05
210717184	0.011339385062456131
210717382	0.7996581792831421
210717801	0.007600382436066866
210718039	0.6810453534126282
210718262	0.762643039226532
210718323	0.8081289529800415
210718454	0.4453112781047821
210718708	0.8541431427001953
210718739	0.002120593562722206
210719592	0.8283097743988037
210719749	0.832863450050354
210720524	0.6344083547592163
210721521	0.8184403777122498
210721629	0.7894372940063477
210721755	0.07749096304178238
210721841	0.6763803958892822
210722592	0.030176883563399315
210723349	0.842374324798584
210724391	0.3364061713218689
210724629	0.5300461649894714
210724989	0.7991784811019897
210725265	0.6106099486351013
210725530	0.7634881734848022
210726093	0.8040658235549927
210726149	0.7114332318305969
210726248	0.5845425724983215
210726299	0.8756915330886841
210726623	0.8110198378562927
210726670	0.006259568501263857
210726767	0.6655540466308594
210726802	0.8135278820991516
210726841	0.2575512230396271
210727032	0.46036091446876526
210727758	0.859931468963623
210727806	0.7566351294517517
210727850	3.69805347872898e-05
210727934	0.017243877053260803
210728283	6.38119745417498e-05
210728532	0.01484215259552002
210728696	0.6802701950073242
210728784	0.7780932188034058
210729204	0.6061133742332458
210729277	0.7971943020820618
210729473	0.0232380498200655
210729495	0.6441044807434082
210730901	0.8260204792022705
210731130	0.37034130096435547
210731169	0.865294337272644
210731260	0.7070519924163818
210731267	0.792264461517334
210731335	0.8185366988182068
210731336	0.802396297454834
210731419	0.8284913897514343
210731447	0.6737293601036072
210731500	0.6830147504806519
210731836	0.8014746308326721
210731978	0.8007135987281799
210732099	0.7901938557624817
210732246	0.7570366859436035
210733201	0.8616504073143005
210733485	0.8016355633735657
210733838	0.8585253953933716
210733938	0.718861997127533
210734110	0.7832962870597839
210734337	0.0
210734566	0.7587620615959167
210734755	0.25567740201950073
210734775	0.8146721124649048
210734858	0.5452461242675781
210735321	0.7010301947593689
210736045	0.7415821552276611
210736615	0.7571555376052856
210736624	0.2558631896972656
210736730	0.7752174735069275
210736738	0.7893205285072327
210737129	0.7316665053367615
210737173	0.5752692818641663
210737234	0.8340365886688232
210737313	0.7494102716445923
210737742	0.7748993039131165
210738140	0.8311086893081665
210738578	0.7089675068855286
210738600	0.00037213569157756865
210738637	0.6550028920173645
210739197	0.5575520396232605
210739664	0.7364684343338013
210739856	0.5005818009376526
210740492	0.6023198962211609
210740679	0.7962228059768677
210740714	0.8724955916404724
210741018	0.6577343344688416
210741229	0.7978904247283936
210742005	0.6594581007957458
210742184	0.3218320310115814
210742328	0.644529402256012
210742539	0.7630137205123901
210742688	2.64265304084077e-10
210742704	0.4512447714805603
210742890	0.8050889372825623
210743223	0.7419187426567078
210743303	0.7930218577384949
210743416	0.7777650952339172
210743536	0.34407421946525574
210743560	0.7792743444442749
210743621	4.4322314352029935e-06
210744061	0.8105502128601074
210744230	0.0004951469018124044
210744272	0.8285499811172485
210744319	9.378845425089821e-05
210744330	0.43586069345474243
210744336	0.04661707580089569
210744447	0.5769580006599426
210744478	0.8123651742935181
210744647	0.8411365747451782
210744674	1.6633236454843825e-11
210744818	0.6821748614311218
210745253	0.8483795523643494
210745299	0.6627299785614014
210746002	0.7078426480293274
210746879	0.726611316204071
210747309	0.4506683051586151
210748135	0.6901528835296631
210748444	0.39797669649124146
210748807	0.7397679686546326
210749006	0.78108811378479
210749042	0.18236438930034637
210749044	0.6328379511833191
210749125	0.7991293668746948
210749139	0.8396806716918945
210750050	0.8202170133590698
210750052	3.616017424726281e-12
210750103	0.6843500733375549
210750182	0.8126027584075928
210750383	0.7971399426460266
210750621	0.8457593321800232
210750726	0.7542541027069092
210750828	0.860515296459198
210750872	0.806331992149353
210751110	0.7026370763778687
210751392	0.842126727104187
210751654	0.7863600850105286
210751762	0.7815498113632202
210751817	0.758499026298523
210751911	0.04308602213859558
210752074	2.7082469387096353e-05
210752492	0.7248098850250244
210752627	0.7854563593864441
210752799	0.5924882888793945
210752809	0.12175754457712173
210753083	0.8349238038063049
210753206	0.5155582427978516
210753273	0.30774635076522827
210753274	0.8334954380989075
210753448	0.17994600534439087
210753509	0.838385283946991
210753760	0.7069806456565857
210753989	0.8403558731079102
210754254	0.8250179886817932
210754272	0.7938535809516907
210754609	0.38972964882850647
210754617	0.7909849286079407
210754949	0.8456243276596069
210755054	0.8918001055717468
210755146	0.7844568490982056
210755186	0.024068813771009445
210755409	0.8016197681427002
210755553	0.6993381381034851
210755594	0.7948805093765259
210755944	0.06198033690452576
210756478	0.0017433154862374067
210756555	0.805431604385376
210756946	0.6634665131568909
210757662	0.7143027186393738
210757909	0.8369819521903992
210758590	0.7844616770744324
210758680	0.82146817445755
210758686	0.6658492684364319
210758873	0.7509032487869263
210759211	0.7873722910881042
210759564	3.234722263808186e-14
210759911	0.862043559551239
210760285	0.5645995140075684
210760411	0.5555545687675476
210760515	0.425938218832016
210760706	0.7894614338874817
210760764	0.8117650747299194
210760779	0.8047954440116882
210761102	0.7928621768951416
210761114	0.862737238407135
210761454	0.6924946904182434
210761528	0.6203340291976929
210761901	0.832707941532135
210762062	0.00023985924781300128
210762197	0.5436593890190125
210762380	0.004227157682180405
210762464	0.7413927316665649
210762628	0.000543169560842216
210762704	0.8459657430648804
210762789	0.4743840992450714
210762863	0.006264717783778906
210762912	0.7541513442993164
210763144	0.8082652688026428
210763179	0.7662291526794434
210763461	0.7684515118598938
210763474	0.8354982733726501
210763664	0.8088875412940979
210763667	0.6374768018722534
210763691	0.7674251794815063
210763899	0.7801437377929688
210763952	0.858207643032074
210764483	0.7930585145950317
210764675	0.7406532168388367
210764876	0.785587728023529
210765142	0.7895095348358154
210765248	0.7722704410552979
210765270	0.859102189540863
210765351	0.8496066927909851
210765362	1.0301335350959562e-05
210765760	0.621278703212738
210765780	0.7756542563438416
210766199	0.7912113070487976
210766338	0.49127522110939026
210766572	0.7876551747322083
210766835	8.336594174092873e-38
210767255	0.7654146552085876
210767482	0.7740039229393005
210767541	0.7768784761428833
210767761	0.8238034248352051
210767881	0.8351137042045593
210768231	0.8269693851470947
210768357	0.7837130427360535
210768482	0.7909403443336487
210768521	0.7140101790428162
210768919	0.7373959422111511
210769457	0.10732901096343994
210769618	0.007578607182949781
210769697	0.7317545413970947
210769717	0.85061115026474
210769872	0.0017707321094349027
210769977	0.7902042865753174
210770235	0.7733248472213745
210770625	0.580420732498169
210770855	0.7793768048286438
210770879	0.7160801291465759
210771254	1.3494461200025398e-05
210771482	5.751502249040641e-05
210771577	0.4689101278781891
210771915	0.5102871656417847
210771973	0.008039421401917934
210772416	0.8166034817695618
210772796	0.6687827110290527
210772891	0.7858042120933533
210773113	0.6651392579078674
210773255	0.42992037534713745
210773304	0.5893683433532715
210773333	0.8034846782684326
210773439	0.7120419144630432
210773524	0.8642429113388062
210774618	0.2647877037525177
210774635	1.0071810695449769e-17
210774814	0.8099493980407715
210774836	0.7190072536468506
210775183	0.7942366003990173
210775308	0.7312876582145691
210775313	0.7949395775794983
210775426	0.6894440650939941
210775694	0.7700344324111938
210775710	0.29931414127349854
210776103	0.5016501545906067
210776306	0.8096235990524292
210776787	0.6654162406921387
210776995	0.7931045293807983
210777017	0.7999008297920227
210777034	0.8240597248077393
210777145	0.8246657252311707
210777311	0.8608589172363281
210777429	1.2118970516894478e-05
210778048	0.7934305667877197
210778094	0.8203303813934326
210778133	0.00033479335252195597
210778144	0.5954164266586304
210778222	0.826765775680542
210778244	0.7765409350395203
210778331	0.8001350164413452
210778357	0.7779878377914429
210778416	0.38251808285713196
210778603	0.8424133658409119
210779050	0.30496177077293396
210779259	0.635703444480896
210779334	0.7060299515724182
210779340	0.06200256571173668
210779405	0.8283573985099792
210779549	6.148130449190603e-09
210779570	0.7405608892440796
210779603	0.721009373664856
210779706	0.0
210779725	0.7881020903587341
210779766	0.7443182468414307
210779917	0.5373238325119019
210780223	0.7884348630905151
210780737	0.0027731985319405794
210780780	0.5852068662643433
210780851	0.0045753843151032925
210781143	0.6014065146446228
210782325	0.8068463206291199
210782464	0.7698118090629578
210782765	0.7031225562095642
210783016	0.7929491400718689
210783290	0.7714706063270569
210783389	0.7993058562278748
210784039	1.4625006886804726e-19
210784244	0.7576150298118591
210784253	0.7950364351272583
210784464	0.7970030903816223
210784565	0.03946230560541153
210784972	0.8068526387214661
210785070	0.76921546459198
210785427	0.6976662874221802
210785727	0.7882277369499207
210786126	0.6765263676643372
210786368	0.7140998244285583
210786388	6.43500970909372e-05
210786627	0.860302746295929
210786719	0.40186312794685364
210786745	0.7113679051399231
210787052	0.7505271434783936
210787202	2.089286767602337e-25
210787677	0.8389714360237122
210787736	0.8068562746047974
210788345	0.7088768482208252
210788457	0.8141332268714905
210788654	0.6698403358459473
210788731	0.7911690473556519
210789323	1.4499991741087864e-15
210789738	0.021743904799222946
210789860	0.3572450578212738
210790246	0.6996657848358154
210790363	0.7030623555183411
210790466	0.38300853967666626
210790719	0.7723931074142456
210790933	0.02034248225390911
210790950	0.8000518679618835
210790995	0.09604966640472412
210791358	0.000234260645811446
210791491	0.026717616245150566
210791807	0.0013852785341441631
210793074	0.8423286080360413
210793202	0.6783736944198608
210793203	0.004071788862347603
210793857	0.04408399015665054
210793892	0.8746894001960754
210793913	0.8325474262237549
210793969	0.7422413229942322
210794111	0.8214465975761414
210794621	0.7374051213264465
210794758	0.7782052755355835
210794850	0.5174395442008972
210794885	0.8060113191604614
210795045	0.7451121211051941
210795414	0.46324923634529114
210795603	0.6824238896369934
210795628	0.6955171823501587
210795643	0.01136424858123064
210795708	0.7750107049942017
210796268	0.4744619131088257
210796664	0.0003850961511489004
210796939	0.6960245966911316
210797271	0.8637406826019287
210797297	0.49260997772216797
210797492	2.2077475847481765e-08
210797797	0.7753457427024841
210798095	0.5916123986244202
210798359	0.48374682664871216
210798903	0.8300228714942932
210799101	0.8464388251304626
210799134	0.7693300843238831
210799302	0.0003302855766378343
210799359	0.7907686829566956
210799583	0.7899945974349976
210799994	0.0028390989173203707
210800332	0.6526818871498108
210800475	0.05718867480754852
210800597	0.24087730050086975
210800634	0.8333808183670044
210800797	0.037152744829654694
210800833	0.7834140658378601
210801003	0.7493065595626831
210801536	0.8533792495727539
210801551	0.5400031208992004
210801596	0.42299601435661316
210801744	0.22501857578754425
210801782	7.022640784271061e-05
210801836	0.7572152614593506
210802141	0.8245790004730225
210802416	0.8159163594245911
210802698	0.7985631227493286
210803311	0.8158457279205322
210803459	0.7564045190811157
210803851	0.7115119695663452
210803905	0.8107483386993408
210803967	0.7350496053695679
210804144	0.7036036252975464
210804537	0.7269514203071594
210804640	0.17491033673286438
210805279	0.7755215764045715
210805532	0.8699160814285278
210805901	0.8503473997116089
210806147	0.843593180179596
210806197	0.7581148743629456
210806726	0.8070078492164612
210806815	0.8558634519577026
210807793	0.8107001781463623
210807803	0.7825639247894287
210808464	0.8656225800514221
210808909	0.0005088799516670406
210808916	0.7288311123847961
210808971	0.7758426666259766
210809158	0.8282653093338013
210809246	0.8283301591873169
210809481	0.74351567029953
210810141	0.7361758947372437
210810165	0.7994880676269531
210811401	0.0018941918388009071
210811757	0.7268093824386597
210811785	0.07743752747774124
210812133	0.8361886739730835
210812316	0.0008197258575819433
210812659	0.7754106521606445
210812803	0.83088219165802
210813135	0.0042908028699457645
210813991	0.6977298855781555
210814452	0.7366158366203308
210814674	0.807976245880127
210814892	0.7989397644996643
210816004	0.784156858921051
210816049	0.007315250113606453
210816649	0.8427949547767639
210816657	0.7602238059043884
210817186	0.043675366789102554
210817218	0.8237080574035645
210817281	0.8640152812004089
210817779	0.6419951915740967
210817945	0.791948676109314
210818305	0.8350740671157837
210818697	0.8000454902648926
210818947	0.0031952019780874252
210819259	0.7925003170967102
210819568	0.21424831449985504
210820002	0.7981094717979431
210820089	0.7863529324531555
210821484	0.007563241291791201
210821498	0.801537036895752
210822529	0.6758701801300049
210823023	0.8199192881584167
210823872	0.7548378109931946
210824357	0.5758920311927795
210824828	0.7155489325523376
210824958	0.6835798621177673
210826038	0.8356558680534363
210826853	0.8647376298904419
210826989	0.00033631769474595785
210828294	0.8691007494926453
210828387	0.7529810667037964
210829632	0.7264677286148071
210829981	0.6433448195457458
210830299	0.7457503080368042
210830410	0.8275980353355408
210831531	0.7063907980918884
210831669	2.6938660084852017e-06
210832801	0.0
210832928	1.6441460104488215e-07
210833209	2.006753311434295e-05
210833924	0.8645675778388977
210834192	0.4424949288368225
210834482	0.04544013366103172
210834809	0.868038535118103
210834842	0.7810251712799072
210835447	0.7647365927696228
210835722	0.7249889969825745
210835822	0.7623379826545715
210835829	0.1289854347705841
210836056	0.7682403326034546
210836070	0.7783488631248474
210836309	0.7621098160743713
210836618	6.74876500852406e-05
210837083	0.8211069703102112
210837460	2.7220886067674636e-16
210837492	0.1392434984445572
210837518	0.8203146457672119
210838537	0.7895711064338684
210838726	0.7850203514099121
210838799	0.6608113646507263
210839077	0.0003649652935564518
210839528	0.7239768505096436
210840695	0.7128576636314392
210841030	0.7953644394874573
210841071	0.7527708411216736
210842090	0.06534857302904129
210842295	0.8171388506889343
210842433	0.7830044031143188
210842555	0.838965654373169
210842971	0.6824503540992737
210843230	0.8192130327224731
210843343	0.7936930060386658
210844537	0.7364477515220642
210845502	0.645110011100769
210845609	0.7816420793533325
210845935	0.7103164196014404
210846419	0.8717288374900818
210846644	0.8554022312164307
210846687	0.7686890959739685
210846742	0.7872162461280823
210847201	0.7396646738052368
210847576	0.7414657473564148
210848071	0.7971372008323669
210848094	0.643622636795044
210848658	0.8345165848731995
210848772	0.8313567042350769
210848863	0.8005677461624146
210849034	0.6877447366714478
210849110	0.7946028709411621
210849700	0.784497857093811
210850434	0.7633097171783447
210850821	0.007318858988583088
210851029	0.002249382436275482
210851535	0.8064691424369812
210851678	2.565592186452728e-28
210851738	0.3271609842777252
210851752	0.7674475908279419
210852007	0.5561854839324951
210852178	0.765026330947876
210852618	0.3272916376590729
210852903	0.7358095049858093
210853223	0.5574625730514526
210853461	0.5625746250152588
210853495	0.8772592544555664
210853606	0.8304550051689148
210853791	0.7799077033996582
210854497	0.7925624847412109
210854579	0.7969530820846558
210854880	0.5742963552474976
210854989	0.7957330942153931
210855149	3.2104551337397425e-06
210855313	0.7807493805885315
210855350	0.7916614413261414
210855382	0.8733272552490234
210855850	0.6706202626228333
210856110	0.6768238544464111
210856891	0.7960194945335388
210857328	0.7749521732330322
210857364	0.7982202172279358
210857509	0.8137717247009277
210857749	2.007232660988675e-25
210858192	0.609022855758667
210858375	0.8228977918624878
210858560	0.778376579284668
210858684	0.5881045460700989
210860562	0.6990681290626526
210860697	0.7939167022705078
210860953	0.14248725771903992
210861320	0.76115882396698
210862064	0.7316827178001404
210862379	0.00017836378538049757
210862388	0.7150035500526428
210862857	0.8279825448989868
210863987	0.794135570526123
210864681	0.7325252294540405
210864854	0.003603238146752119
210866018	3.158166236971738e-06
210866450	0.7408254146575928
210866604	0.7671583294868469
210866694	0.7968560457229614
210866727	4.4158059608889744e-05
210866744	0.20181496441364288
210866831	0.7384830117225647
210867003	0.8158800601959229
210867044	0.0012537521542981267
210867056	0.08729296177625656
210867398	0.7320569157600403
210867456	0.7362638711929321
210867819	0.708717942237854
210868663	5.524594962480478e-05
210869120	0.7407010793685913
210869192	0.08613944798707962
210869954	0.564864993095398
210870276	4.799151611223351e-06
210870563	0.378948837518692
210870657	0.8272100687026978
210871014	0.009675159119069576
210871297	0.8644609451293945
210872522	4.68651887786109e-06
210872716	0.7519335150718689
210873478	0.03842628374695778
210874029	0.7288345694541931
210874072	0.733626127243042
210874768	0.7359147071838379
210875069	0.8290412425994873
210875338	0.7002547979354858
210875450	0.7889406681060791
210876027	0.7688270807266235
210876235	0.8592300415039062
210877308	0.7326776385307312
210877423	0.004465758800506592
210877714	0.7639044523239136
210877742	0.6920754909515381
210878281	0.7690764665603638
210879084	0.0
210879449	0.8210594058036804
210879553	0.00022712608915753663
210879932	0.7308340668678284
210880386	0.053519461303949356
210880551	2.1664586357522664e-12
210881376	0.7347244024276733
210881532	0.7810266613960266
210881975	1.3124601991876261e-06
210882157	0.7220932841300964
210882273	0.763485312461853
210883527	0.7848740220069885
210883991	0.7112734913825989
210885615	0.7123982906341553
210885955	0.7369204163551331
210886823	0.8120160102844238
210887246	0.6987008452415466
210887424	0.7307296991348267
210887641	0.7313581705093384
210887654	0.8648179769515991
210887788	0.258341908454895
210888061	0.5936996340751648
210888380	0.7125168442726135
210889123	0.7982141971588135
210890068	0.2852989137172699
210890451	0.6910249590873718
210890814	0.10854856669902802
210890999	0.1591155081987381
210891082	0.8028119802474976
210891488	0.7830585837364197
210891645	0.7929508686065674
210891881	0.7327300906181335
210892129	0.8058708906173706
210892207	6.35700962448027e-06
210892372	0.6820976734161377
210892669	0.7717486023902893
210892671	0.4812586009502411
210892757	0.7844420075416565
210892948	0.7807053327560425
210893327	0.7103787660598755
210893499	0.6660888195037842
210893512	0.020624402910470963
210893866	0.43315044045448303
210893936	0.7899748682975769
210894022	0.6445814371109009
210895652	0.39141085743904114
210895949	0.7826968431472778
210896094	0.8064921498298645
210896463	0.8450886607170105
210896658	0.6799952387809753
210896712	0.7992131114006042
210896953	0.7966673970222473
210897216	0.785779595375061
210897476	0.6219075918197632
210897791	0.8000550866127014
210898054	2.273249629070051e-05
210898111	0.7127989530563354
210898608	0.7819836139678955
210898943	0.7138711214065552
210898997	0.8014852404594421
210899468	0.6655973792076111
210899883	0.6998683214187622
210899950	0.00011826297850348055
210900532	0.8618360757827759
210900830	0.6555830836296082
210901127	0.5979071259498596
210902076	8.818990318104625e-05
210902080	0.0335579589009285
210902489	0.7238139510154724
210902797	0.7107295393943787
210902801	0.6917870044708252
210902826	7.534276664955541e-05
210902865	0.8001939058303833
210903227	0.7759301066398621
210903541	0.7598520517349243
210903817	0.5888352990150452
210904675	0.7911921739578247
210904771	0.4355201721191406
210905243	0.07795626670122147
210905250	0.11452027410268784
210905362	6.535727266054892e-07
210905495	0.8273649215698242
210906118	5.3874406148679554e-05
210907346	8.213928595068865e-06
210907534	0.6172093152999878
210907827	0.010202031582593918
210908270	0.7072594165802002
210909817	0.6910825967788696
210909832	0.6309834122657776
210909983	0.5830826163291931
210910367	0.0016559353098273277
210910422	0.3328491151332855
210910922	0.7938123941421509
210911240	0.00010983665561070666
210912007	0.7461314797401428
210912089	0.5638782978057861
210912170	0.7798460125923157
210912259	0.1688292771577835
210912300	0.8112070560455322
210912314	0.7942517995834351
210912613	0.5726141929626465
210912914	0.023424535989761353
210913007	0.43990442156791687
210914245	0.7981275320053101
210914569	0.756089448928833
210914767	0.7286816835403442
210915133	0.7345772981643677
210915340	0.7426597476005554
210915556	0.7859193086624146
210915568	0.8649776577949524
210915882	0.23122994601726532
210915952	0.7882407903671265
210916857	0.3245198726654053
210917330	0.8027389645576477
210917587	0.7404248118400574
210917754	0.01268581859767437
210918391	8.566048563807271e-07
210918990	0.7617077827453613
210919316	0.7155857682228088
210919429	0.736445426940918
210919466	0.6057915091514587
210919689	0.7552524209022522
210919710	0.7469020485877991
210919729	0.7809483408927917
210919936	0.793653666973114
210920066	0.0016279892297461629
210920411	9.106117431656457e-06
210920440	0.48855769634246826
210921655	0.7492526769638062
210921683	0.6860948204994202
210922111	0.8297984004020691
210922169	0.7671217322349548
210922216	0.7191201448440552
210922311	0.7600663900375366
210923075	0.7451605200767517
210923123	0.00020620215218514204
210923365	0.8277276158332825
210923409	0.7341338396072388
210923842	0.747805655002594
210924906	0.6895912885665894
210925532	0.824689507484436
210926702	0.14254619181156158
210926788	0.7815943360328674
210926952	0.6328497529029846
210927996	0.7658261060714722
210928354	0.5819053053855896
210928389	0.1498551368713379
210928980	1.5686479892806915e-12
210929435	0.7342682480812073
210929521	0.7230737209320068
210929837	0.7939175367355347
210929923	0.47489166259765625
210930204	0.6810184717178345
210930319	0.47255438566207886
210930641	0.8539538383483887
210930783	0.8762387037277222
210930903	0.6870827078819275
210931222	0.8064926266670227
210931693	0.7614067196846008
210931896	2.5787554314149475e-09
210931933	0.8418048620223999
210932145	0.5749237537384033
210932477	0.7306451797485352
210932646	0.6474517583847046
210932659	0.745040774345398
210933011	0.7814785242080688
210933183	0.708124577999115
210933222	1.5811487173778005e-05
210933236	0.7426647543907166
210933298	9.819503929975326e-07
210934387	0.8294346332550049
210934463	0.7024420499801636
210934819	0.6646262407302856
210935548	0.8186496496200562
210935609	0.6787798404693604
210935909	0.8374765515327454
210935960	0.7390170097351074
210936069	0.8335559368133545
210936682	0.7445968985557556
210937428	0.7781022191047668
210937660	0.817658007144928
210937909	0.7243102192878723
210937962	0.8047052621841431
210937990	0.7164275050163269
210938219	0.7244250178337097
210938605	0.8188878893852234
210938640	0.7565946578979492
210938746	0.7743755578994751
210938928	0.33763766288757324
210938975	6.855048559373245e-05
210938993	0.10916408896446228
210939052	0.8009811043739319
210939238	0.6786807775497437
210939333	0.6664558053016663
210939651	0.763806164264679
210939924	0.7133175134658813
210940412	0.00030140497256070375
210940882	0.7907904386520386
210941134	0.7894578576087952
210942003	0.0007619579555466771
210942335	0.7411775588989258
210942616	0.689729630947113
210942697	0.7301339507102966
210942842	0.36549025774002075
210943044	0.7831658124923706
210943337	0.8028374314308167
210943388	0.7348690032958984
210943393	0.7742846608161926
210943549	0.00802538637071848
210944029	0.78019118309021
210944050	0.837955117225647
210944293	0.7625000476837158
210944341	0.8162378668785095
210944660	0.11205584555864334
210944661	0.5610260963439941
210945161	0.8006658554077148
210945342	8.654194892676334e-35
210945362	0.5719513297080994
210945407	0.7678419947624207
210945444	0.0505162738263607
210945519	5.098252624845071e-24
210945664	0.04767848923802376
210946513	0.8234991431236267
210946563	0.7318318486213684
210946924	0.5429168343544006
210948075	0.8126522898674011
210948409	0.7520353198051453
210948777	0.7835373282432556
210948979	0.8202336430549622
210948985	3.3849867122626165e-06
210949625	0.8168380260467529
210949767	2.436831891827751e-06
210949909	0.3579706847667694
210950553	0.806743860244751
210950922	0.8382204174995422
210951223	0.6426547169685364
210951530	0.7584055662155151
210951906	0.7615983486175537
210952018	0.8190756440162659
210952379	0.7057929635047913
210952545	0.7808443903923035
210952848	0.035604652017354965
210952908	0.8142732381820679
210953432	0.8143830299377441
210953493	0.7419435381889343
210953724	0.7283895015716553
210953765	0.8310990929603577
210954057	0.6434962153434753
210954195	0.7493599057197571
210954252	0.6308196187019348
210954261	0.7110317945480347
210954841	0.7466743588447571
210955189	0.7166237235069275
210955695	0.4115387201309204
210955995	0.07019387930631638
210956016	0.027237435802817345
210956385	0.7699663043022156
210956446	1.9089361558144446e-06
210956778	0.8110736012458801
210957306	0.8309617042541504
210957559	0.819265604019165
210957850	0.8192813396453857
210958351	0.23323078453540802
210958453	0.0017496435903012753
210958455	0.5650681853294373
210958874	0.6966425776481628
210958933	0.3407992124557495
210959180	0.7985744476318359
210959491	0.6006084680557251
210959946	0.8266376256942749
210960416	0.8134557008743286
210960456	0.47780129313468933
210960579	2.9169584889204457e-15
210960744	0.7573949694633484
210961494	0.7665145397186279
210961518	0.750657320022583
210961657	0.8185677528381348
210963144	0.8035596013069153
210963163	0.8399948477745056
210963267	0.5844057202339172
210963676	0.7870185971260071
210963715	0.8038744926452637
210964043	0.8140818476676941
210964063	0.7870566248893738
210964145	0.7939760684967041
210964159	0.5027466416358948
210964182	0.61094731092453
210964540	0.7074355483055115
210964755	7.464008855299035e-32
210964780	0.8259376287460327
210965053	0.8162762522697449
210965155	0.7903950214385986
210965492	0.8225352764129639
210965538	0.8129479289054871
210966350	0.11142939329147339
210966563	0.7134038209915161
210967117	0.7684751152992249
210967197	0.7802377939224243
210967369	0.8516061305999756
210967568	0.3646226227283478
210967811	0.7990170121192932
210968143	0.8550586104393005
210968818	0.7148453593254089
210969147	0.0005245523643679917
210969307	0.36640819907188416
210969502	0.797715425491333
210969762	0.03734349459409714
210969984	0.8496621251106262
210970230	0.7889610528945923
210970831	0.11848147958517075
210971266	0.749981164932251
210971338	0.7348361611366272
210971470	0.0002404999831924215
210971569	0.4672223925590515
210972298	0.4778048098087311
210972429	0.7577741742134094
210972864	0.8168135285377502
210973080	0.7985014319419861
210973610	0.7411382794380188
210973951	0.7982116341590881
210974264	0.5948840379714966
210974292	0.7963315844535828
210974415	0.8368028402328491
210974815	0.8197785019874573
210975119	0.7674852013587952
210975261	0.6792346239089966
210975859	0.8513983488082886
210977309	0.6563305854797363
210977589	0.7986636757850647
210977962	0.8227803707122803
210978240	0.715812087059021
210978573	0.7732393741607666
210978695	0.8279902935028076
210978875	0.7760606408119202
210978929	0.000739449926186353
210979555	0.7810564041137695
210979763	0.12533541023731232
210979798	0.7666311264038086
210980018	0.00023457691713701934
210980117	0.6886308193206787
210980849	0.4777161180973053
210981231	0.7621443867683411
210981338	0.26955145597457886
210981495	0.03673302382230759
210981854	0.7585428953170776
210982230	0.853803813457489
210982637	0.40108776092529297
210983112	0.5898729562759399
210983624	0.7513023018836975
210983677	0.7826706767082214
210983994	0.7007091045379639
210983995	0.1797793209552765
210984303	1.9751363738995664e-11
210984362	0.8249251842498779
210984542	0.827955961227417
210984549	0.47392451763153076
210984890	0.8104270696640015
210984956	0.6174938678741455
210985019	0.8046953678131104
210985159	0.8270531296730042
210986411	0.797539234161377
210986433	0.17424017190933228
210986451	0.8403990864753723
210986554	0.8168812394142151
210986729	0.7531492114067078
210986987	0.04077206179499626
210987172	0.12591330707073212
210987193	1.8139364328817464e-05
210987357	0.09792175889015198
210987432	0.860838770866394
210987818	0.5529234409332275
210988164	0.8059169054031372
210988255	0.058813340961933136
210988325	0.021960200741887093
210988369	0.8259517550468445
210988480	0.7958792448043823
210988540	0.8404203653335571
210988681	0.7347013354301453
210988931	0.12208926677703857
210989127	0.015434266068041325
210989379	0.8321431875228882
210989380	0.8392238616943359
210989690	0.8228739500045776
210990151	0.7985028624534607
210990332	0.00014821971126366407
210990525	0.0015783364651724696
210990579	0.8412346243858337
210990603	0.8469448685646057
210990773	0.7219677567481995
210991206	0.7722965478897095
210991216	0.4786740839481354
210991441	0.7425020337104797
210991452	1.8615477529237978e-05
210991530	0.6644131541252136
210991971	0.7963076829910278
210992112	0.3310853838920593
210992120	0.0031103785149753094
210992709	0.7771985530853271
210992804	0.7495487928390503
210992880	0.8286460638046265
210993485	0.7528568506240845
210993780	0.680565595626831
210994089	0.4134743809700012
210994199	0.7366796135902405
210994616	0.7946693897247314
210995017	0.793516993522644
210995264	0.7970035076141357
210995387	0.7727554440498352
210995637	0.7982466220855713
210995937	0.7373154759407043
210996142	1.516705164239518e-11
210996272	0.6351742744445801
210996505	0.3185731768608093
210996662	0.0107055539265275
210996834	0.7788589596748352
210997113	0.6130831241607666
210997183	0.026030590757727623
210997577	0.8177583813667297
210997927	0.7946274876594543
210997946	0.5854951739311218
210998135	0.7399090528488159
210998521	0.7649931907653809
210999052	0.7902227640151978
210999087	0.4276796877384186
210999101	0.805228054523468
210999447	0.8722004890441895
210999570	0.8244948983192444
211000411	0.37559419870376587
211000547	0.7300168871879578
211000573	0.802085280418396
211000654	0.3295896053314209
211000687	0.6016730070114136
211000908	0.8257679343223572
211000960	0.836261510848999
211001065	0.723591148853302
211001276	0.8026816844940186
211001665	0.7181442379951477
211001716	0.7168599963188171
211001764	0.8208030462265015
211001810	0.826949417591095
211002011	0.6765381097793579
211002197	0.8435275554656982
211002233	0.793800413608551
211002456	0.6483277678489685
211002562	0.07896357029676437
211002807	0.8352383971214294
211003287	0.748771071434021
211003359	0.6951203346252441
211003672	0.6602115035057068
211003721	0.010257911868393421
211003768	0.7850027084350586
211003926	0.7726873755455017
211004429	0.858366847038269
211004779	0.814609706401825
211005084	0.823318362236023
211005192	0.6927074790000916
211005268	0.4087845981121063
211005312	0.823080837726593
211005559	0.1771564483642578
211005967	0.8022735714912415
211006241	0.7998529076576233
211006411	0.8779489398002625
211006532	0.2007139027118683
211006630	0.731620728969574
211006744	0.679884672164917
211007034	0.8050115704536438
211007360	0.0031368809286504984
211007660	0.8029354810714722
211007717	0.43140101432800293
211007942	0.0007367994985543191
211008109	0.3591586947441101
211008148	0.7405991554260254
211008206	0.8487377166748047
211008436	0.7842347621917725
211008571	0.0001331413077423349
211008595	0.8140108585357666
211008621	0.7693449258804321
211008736	0.7393303513526917
211008786	0.7413365840911865
211008838	0.7889979481697083
211008991	0.8485432863235474
211009186	0.7709460854530334
211009404	0.18789157271385193
211009794	0.6789795756340027
211009882	0.0010652275523170829
211010031	0.7059804201126099
211010117	0.8715615272521973
211010262	0.8100228309631348
211010623	0.7783118486404419
211010779	2.727161700022407e-05
211010958	0.7752804160118103
211011125	0.5591078996658325
211011133	0.7098998427391052
211011199	0.6672443747520447
211011313	0.8076089024543762
211011793	0.05295182764530182
211012041	0.8458184003829956
211012330	0.8420364856719971
211012490	0.7963425517082214
211012547	0.7058546543121338
211013077	0.7742989659309387
211013208	0.8466100096702576
211013221	0.7811636328697205
211013364	0.8360821604728699
211013615	0.47362878918647766
211013713	0.7352664470672607
211014186	0.4259074628353119
211014376	0.8315550088882446
211014809	0.0009864678140729666
211014845	0.8251588940620422
211014883	0.003288578474894166
211014960	0.695025622844696
211015308	0.714367687702179
211016228	0.8223534226417542
211016287	0.643511950969696
211016584	0.8334144353866577
211016870	0.020962342619895935
211016895	0.7756953239440918
211016961	0.857054591178894
211017006	0.825709342956543
211017043	0.7628145217895508
211017191	0.3862612843513489
211017206	0.0010471716523170471
211017539	0.8377686142921448
211017570	0.1701754927635193
211017659	0.831810712814331
211017750	0.8460482954978943
211017801	0.8364660143852234
211017805	0.002322410000488162
211017891	0.13374894857406616
211018349	0.7899505496025085
211018641	0.7867815494537354
211018644	0.0055996025912463665
211018695	0.3316354751586914
211018711	0.23332759737968445
211019056	0.7658241391181946
211019108	0.005414965562522411
211019290	0.8177982568740845
211019454	0.4700569808483124
211019823	0.8230096101760864
211020101	0.008060366846621037
211020145	7.950853614602238e-05
211020261	4.6116041630739346e-05
211020451	0.85035640001297
211020985	0.8092401027679443
211021007	0.6960597634315491
211021014	5.954904569449582e-09
211021319	0.7861334085464478
211021332	0.7640247941017151
211021344	0.8213819265365601
211021538	0.8276103734970093
211021753	0.7262551784515381
211021881	0.6131455302238464
211022199	0.7582415342330933
211022524	0.8411564826965332
211022539	0.5625040531158447
211023068	0.6991549730300903
211023137	2.0941462453016868e-10
211023631	0.6858841180801392
211023858	0.7550157308578491
211023960	0.8303753733634949
211024172	0.5703683495521545
211024196	0.8195708990097046
211024229	0.5190409421920776
211024764	0.8466507196426392
211024821	0.5793871879577637
211024915	0.7782570123672485
211025112	0.1283220648765564
211025392	0.8214687705039978
211025538	0.1349971443414688
211025987	4.219315087539144e-06
211026043	5.649123977491399e-06
211026321	0.030114412307739258
211026436	0.8019788265228271
211026454	0.7528777122497559
211026474	0.878426730632782
211026910	0.6113659739494324
211026963	0.6481760740280151
211026972	0.7695306539535522
211027239	0.6759544014930725
211027491	0.6796034574508667
211027573	0.7615771889686584
211027664	0.7537203431129456
211027914	0.007367994636297226
211028083	0.7716019749641418
211028209	8.488506864523515e-05
211028296	0.8261079788208008
211028402	0.05641678348183632
211028836	0.8166084885597229
211029045	0.841012716293335
211029048	0.767805278301239
211029152	0.275267094373703
211029187	0.7367719411849976
211029232	3.507082124709626e-10
211029632	0.7837835550308228
211030000	0.7542169094085693
211030088	1.6054800155984594e-08
211030226	0.016310861334204674
211030627	0.7839228510856628
211030732	0.6998106241226196
211030784	0.8333450555801392
211031191	0.8308178186416626
211031367	0.7742393612861633
211031487	0.0004454205045476556
211032165	0.6581060290336609
211032368	0.8025391101837158
211032385	0.7914456129074097
211032395	0.7394717931747437
211032402	0.7388012409210205
211032457	0.6966263651847839
211034119	0.1964396834373474
211034204	0.5504017472267151
211034423	0.7536790370941162
211034509	0.8762392401695251
211034592	0.7786852717399597
211034657	0.6518475413322449
211034737	0.7852522730827332
211034868	0.8525657653808594
211035026	0.7994781136512756
211035145	0.48083141446113586
211035418	0.7134771347045898
211035506	0.8250046968460083
211035702	0.8329177498817444
211035987	0.7060930132865906
211036145	0.7679409980773926
211036214	0.8298247456550598
211036263	0.7771881818771362
211036449	0.0
211037066	0.8450872898101807
211037427	0.6306374073028564
211037451	0.7886468768119812
211037894	0.2644912898540497
211038197	0.7514752745628357
211038389	0.03807740658521652
211038618	1.1592402415772085e-06
211038718	0.4806895852088928
211038756	0.7999253273010254
211038856	0.7587885856628418
211038882	0.7215108871459961
211039004	0.5911185145378113
211039155	0.07998673617839813
211039231	0.803987979888916
211039307	0.8572232723236084
211039486	0.707317590713501
211039603	0.7312791347503662
211039639	0.09749569743871689
211039697	0.7469047904014587
211039833	0.7995789051055908
211040249	1.2250149339365635e-08
211040615	0.7934569716453552
211040713	0.7927740812301636
211040717	0.7436549663543701
211040751	0.7961723208427429
211041105	0.8319875597953796
211041475	0.8555715084075928
211041532	3.5388941798255137e-20
211041648	0.8457877039909363
211041722	0.8185360431671143
211041974	0.8339201807975769
211042018	0.7736469507217407
211042058	0.6946436166763306
211042846	0.004656550474464893
211043645	0.7691717743873596
211043986	7.631285825482337e-09
211044297	0.7743470668792725
211044466	0.8331207633018494
211044536	0.00031235904316417873
211044599	0.8131607174873352
211044671	0.8286077976226807
211044807	0.8095332980155945
211045353	0.5482025742530823
211045450	0.8822939991950989
211045468	0.801586389541626
211045617	0.8324107527732849
211045875	0.7008586525917053
211045933	0.7093873620033264
211046102	0.06952527165412903
211046247	0.735156238079071
211046338	0.7611010074615479
211046342	0.7660984992980957
211046357	0.8112096786499023
211046601	0.6596255898475647
211046868	0.0001313383982051164
211046994	0.772837221622467
211047147	0.7819315195083618
211047297	0.8348023891448975
211047313	0.6843395829200745
211047375	0.8168054223060608
211047503	0.8093799948692322
211047828	0.013632243499159813
211048055	0.6651560068130493
211048081	0.8271620869636536
211048319	0.7541197538375854
211048419	0.8066875338554382
211048644	0.00030518887797370553
211048783	0.7432864308357239
211048897	0.7305067777633667
211049022	0.8127300143241882
211049042	0.7355429530143738
211049052	0.014643777161836624
211049220	0.8510022163391113
211049250	0.8287892937660217
211049322	0.44736647605895996
211049345	0.8132864236831665
211049526	0.7861411571502686
211050471	0.7848050594329834
211050613	0.7979454398155212
211050973	0.8026299476623535
211051439	0.7049760818481445
211051664	0.775689423084259
211051868	0.6183823943138123
211052516	0.7076780796051025
211052763	0.7104945182800293
211052779	0.0006425130995921791
211053081	0.8486360907554626
211053255	0.48386695981025696
211053560	0.727743923664093
211053586	0.8672665357589722
211053615	0.8197958469390869
211053737	0.0364883691072464
211053794	0.7864941358566284
211053851	0.8150098919868469
211053988	0.8303273320198059
211054014	0.6212620139122009
211054027	0.5426989197731018
211054176	0.4176163673400879
211054435	0.7653301954269409
211054512	0.6906397938728333
211054580	0.8178707361221313
211054599	6.805812881793827e-05
211054960	0.785287082195282
211055114	0.8116089105606079
211055290	0.8184403777122498
211055547	0.8115746974945068
211055644	0.7421528697013855
211055736	0.7424876093864441
211055838	0.7688548564910889
211055896	0.663638710975647
211056272	0.8403017520904541
211056293	0.8433932065963745
211056496	0.7756750583648682
211056846	0.7450194954872131
211056920	0.7525240778923035
211056973	0.35151225328445435
211057320	0.0008527088211849332
211057330	0.4582173526287079
211057520	0.8317386507987976
211057719	0.8148853182792664
211057798	0.7829883098602295
211058610	0.3715232312679291
211058748	0.8346263766288757
211058914	0.42790332436561584
211059062	0.8409342765808105
211060020	0.8326811194419861
211060049	0.007097345311194658
211060743	0.5276539921760559
211060928	0.73150634765625
211061216	0.7990384101867676
211061304	0.7700233459472656
211061548	0.0
211061560	0.820744514465332
211062512	0.8000836968421936
211062752	0.8170472979545593
211063262	0.8165919184684753
211063335	0.7116656303405762
211063445	0.8049907088279724
211063789	0.7637850046157837
211064391	0.36722254753112793
211064647	0.6506400108337402
211064704	0.8718302845954895
211064725	0.8203184604644775
211065014	0.15050503611564636
211065162	0.5284615755081177
211065675	0.8297385573387146
211065892	0.008695200085639954
211065899	0.8052216172218323
211065960	0.37359410524368286
211066253	0.7204411625862122
211066263	0.8434789180755615
211066337	5.948447324044537e-06
211066394	0.7875986099243164
211066451	0.819878339767456
211066606	0.7798885107040405
211067096	0.7476072311401367
211067316	0.6089903116226196
211067585	0.0035527271684259176
211067702	0.6481875777244568
211067862	0.7757386565208435
211067925	0.78410404920578
211068101	0.7937805652618408
211068251	0.8214311003684998
211068258	0.8463927507400513
211068400	7.552969073744073e-14
211068641	0.8079227209091187
211068885	0.8275704979896545
211068914	1.6826046111972914e-09
211069385	0.6501821279525757
211069605	0.6767974495887756
211069622	0.7806607484817505
211070034	5.5120817935083854e-17
211070231	0.7328262329101562
211070358	0.7883315086364746
211070383	0.8142060041427612
211070428	0.7905166149139404
211070476	0.7607541084289551
211070491	0.8737176656723022
211071185	0.8200299739837646
211071256	0.7560972571372986
211071383	0.7142540812492371
211071563	0.7164397835731506
211071869	0.8665766716003418
211072451	0.720280647277832
211072624	0.8050997257232666
211072773	0.7777564525604248
211072788	0.6994442939758301
211073206	0.6969608664512634
211073249	0.7914157509803772
211073307	0.838520348072052
211074211	0.047879986464977264
211074888	2.3327948947549082e-11
211075425	0.7988965511322021
211075635	0.8054589033126831
211075982	0.07882316410541534
211076066	0.6793565154075623
211076244	0.799341082572937
211076400	0.8485750555992126
211076778	0.8309516906738281
211077050	0.8216380476951599
211077494	0.823121964931488
211077695	0.8075718879699707
211077700	0.7846471071243286
211077716	0.009165260940790176
211078164	0.80439692735672
211078219	0.000966081686783582
211078779	0.7720468044281006
211078923	0.8104617595672607
211079041	0.8708714246749878
211079079	0.7024154663085938
211079138	0.7796408534049988
211079207	0.7558265924453735
211079344	4.074311800650321e-05
211079377	0.00031176043557934463
211079480	0.7065836787223816
211079565	0.7562552094459534
211079676	0.7790496349334717
211079719	0.7870324850082397
211079772	0.5651935935020447
211079789	0.7772741913795471
211080155	0.6304265260696411
211080676	0.7648131847381592
211080990	0.8316256403923035
211081096	0.0021587435621768236
211081132	0.8605027794837952
211081278	0.8408278226852417
211081449	0.740201473236084
211081593	5.6635057262610644e-05
211081743	0.7674465775489807
211081776	0.005861914250999689
211081828	0.8351576924324036
211082013	0.6864373683929443
211082317	0.7976843118667603
211082457	0.7938570380210876
211082698	0.8258265852928162
211082773	0.7311344146728516
211083040	0.009550577029585838
211083442	0.708633542060852
211083905	0.6008041501045227
211084208	0.8345026969909668
211084436	7.049122814350994e-06
211084704	0.8158724308013916
211084745	0.7953649759292603
211084749	0.838677704334259
211085086	0.8027311563491821
211085606	0.778333306312561
211085746	0.8066970705986023
211085907	0.6220925450325012
211085921	0.0008771564462222159
211085967	0.060910701751708984
211086025	0.03817818686366081
211086047	0.23723170161247253
211086195	0.7815833687782288
211086832	0.6205344200134277
211086971	0.03795719891786575
211087003	0.7979443073272705
211087100	0.6319869756698608
211087128	0.6233296990394592
211087482	0.7919279336929321
211087559	0.7491693496704102
211087700	0.00027787935687229037
211087758	0.8227962851524353
211087985	0.1960286796092987
211087988	0.7630103826522827
211088035	0.7991750240325928
211088258	0.44285550713539124
211088357	0.7580839395523071
211088664	0.7561783790588379
211088817	0.8493551015853882
211088843	0.7736132740974426
211089068	0.5337170958518982
211089187	0.8616393804550171
211089538	0.8082713484764099
211089561	1.4246272606044386e-08
211089624	0.8599536418914795
211089919	0.8646727800369263
211090046	0.8055874705314636
211090479	0.005775028374046087
211090715	0.8138944506645203
211090879	0.8222854733467102
211091354	0.7955381274223328
211091363	0.6477075815200806
211091381	0.08669173717498779
211091497	0.8072807192802429
211091685	0.8276162147521973
211091701	0.7942706942558289
211092077	0.704915463924408
211092367	0.8118333220481873
211092391	0.6665330529212952
211092631	0.5293054580688477
211093156	0.7670038342475891
211093211	0.6508294343948364
211093307	3.44460318046913e-07
211093684	1.7647179290786186e-12
211093734	0.829859733581543
211093950	0.0028617025818675756
211094095	0.7233712673187256
211094117	0.4828604459762573
211094364	0.8132268190383911
211094733	0.8519655466079712
211094891	0.8386122584342957
211094988	0.0016901579219847918
211095095	0.8619133830070496
211095170	0.774982213973999
211095189	0.8868551850318909
211095190	0.8155246376991272
211095199	0.2300172597169876
211095259	0.32996252179145813
211095261	0.0014750241534784436
211095270	0.696712851524353
211095344	0.8309664726257324
211095365	0.8542461395263672
211095723	0.8480725884437561
211096608	0.7288992404937744
211096625	0.8117594122886658
211097223	0.8369105458259583
211097828	0.8725963234901428
211097829	0.28203827142715454
211098261	0.7872968912124634
211098366	0.779612123966217
211098973	0.8313099145889282
211099045	0.6082072854042053
211099297	0.1000010222196579
211099743	0.36052802205085754
211099759	0.8514791131019592
211099781	1.797942240955308e-05
211099801	0.7031333446502686
211099886	0.8058925271034241
211099910	0.7881364822387695
211100071	0.7715733051300049
211100192	0.8117992281913757
211100398	0.8611565828323364
211100400	0.8284681439399719
211100538	0.2380128800868988
211100565	4.010957582067931e-06
211100653	0.6993224024772644
211101230	0.8523877859115601
211101249	0.00013727895566262305
211101983	0.7588887214660645
211102001	0.23504085838794708
211102053	0.5293011665344238
211102386	0.8680894374847412
211102442	0.8525862693786621
211102496	0.0010110321454703808
211102625	0.00017172178195323795
211102816	0.8338021039962769
211103694	0.6959289908409119
211103863	0.1177341639995575
211104559	0.8452535271644592
211104722	0.0003497473953757435
211104928	0.8293132185935974
211105661	0.7014079093933105
211105780	0.7835411429405212
211106542	0.8339574933052063
211107103	0.8647065162658691
211107264	0.651360273361206
211107317	0.8514900207519531
211107835	0.7866084575653076
211107958	0.7946427464485168
211108319	0.05358104407787323
211109320	0.8757744431495667
211109977	0.21654662489891052
211110023	0.08731937408447266
211110094	0.848643958568573
211110208	0.8145073652267456
211110438	0.7360291481018066
211110960	0.010869206860661507
211110982	0.8247734904289246
211111580	0.8531672954559326
211111655	0.8171753883361816
211111751	0.790975034236908
211111777	0.7978694438934326
211111782	0.841076672077179
211112126	0.7935758829116821
211112140	0.0014470978640019894
211112232	0.821653425693512
211112749	0.8298531770706177
211113061	0.830881655216217
211113178	4.7523357352474704e-05
211113345	0.04080857336521149
211113489	0.8357111811637878
211113531	0.7300106883049011
211113551	0.8224904537200928
211113761	0.8380393385887146
211113811	0.0
211113814	0.8715050220489502
211113970	0.7855210304260254
211114069	0.8434587717056274
211114099	0.7709623575210571
211114329	0.5842563509941101
211115359	0.7666592597961426
211115428	0.7832590937614441
211115596	0.7699543237686157
211115870	0.7794629335403442
211115970	3.2385717219085564e-08
211116178	1.8367289840170997e-06
211116358	0.0002599855652078986
211116507	3.563025568075945e-24
211116927	0.7924749255180359
211117202	0.8287047147750854
211117282	0.0010875107254832983
211117964	0.6815309524536133
211118119	0.7956069707870483
211118126	0.812910258769989
211118251	0.7494145035743713
211118285	0.00048636202700436115
211118337	0.7885196805000305
211118456	0.7305837869644165
211118542	0.4993666112422943
211118675	1.2027549018966965e-06
211118731	0.5155983567237854
211118947	0.805163562297821
211119017	0.8293575048446655
211119059	0.8443313837051392
211119656	8.317141691804864e-06
211119703	0.8161286115646362
211119749	0.8397581577301025
211119797	0.8354458212852478
211119814	0.8273731470108032
211120348	0.8282620906829834
211120497	0.7783766984939575
211120889	0.6633288860321045
211121401	0.009736753068864346
211122419	0.8167614340782166
211122882	0.8137211203575134
211123043	0.8259367346763611
211123588	0.8224169611930847
211123625	0.8452321887016296
211124543	0.6292144656181335
211124784	0.8072271943092346
211125590	0.8438287377357483
211125729	0.7107157111167908
211126230	0.8313560485839844
211126934	0.7827543020248413
211127111	0.00019717862596735358
211127165	0.7743535041809082
211127310	0.8137734532356262
211128842	0.7871519327163696
211129028	0.8646625280380249
211129308	0.3300376534461975
211129584	0.9047982692718506
211129754	0.8414798974990845
211129911	0.8730546832084656
211130142	0.8329089879989624
211130310	0.00894547626376152
211130861	0.03521157428622246
211130915	0.7945972681045532
211131022	0.8741347789764404
211131372	0.44028013944625854
211131517	0.12922871112823486
211132032	0.8570961952209473
211132831	0.7295274138450623
211132998	0.7860544323921204
211133138	0.4597986042499542
211133190	0.7808100581169128
211133821	4.334800541982986e-05
211134184	0.7044678926467896
211134309	0.8399685621261597
211134919	0.8336612582206726
211135159	0.4609571099281311
211135350	0.00024406195734627545
211135356	0.4497300684452057
211135893	0.8194149136543274
211136007	0.8433416485786438
211136427	0.0018898452399298549
211137412	0.42910754680633545
211137930	0.6553212404251099
211138360	0.796929121017456
211138707	0.8146918416023254
211139595	0.8382246494293213
211139604	0.8237237930297852
211140122	0.007525898050516844
211141282	0.8537309169769287
211141615	0.7787193655967712
211141664	0.8137223720550537
211141738	0.8122895956039429
211142564	0.8641211986541748
211142596	0.7925800085067749
211142916	0.6718056201934814
211143318	0.8010203838348389
211143363	0.8320578932762146
211144957	0.7797566652297974
211145177	1.411292471775738e-10
211145650	0.8100220561027527
211146047	0.7449230551719666
211146641	0.8703421950340271
211147023	1.9343491658219136e-05
211147178	0.0
211148154	0.8495826125144958
211148156	0.011497543193399906
211148591	0.7949331402778625
211148601	0.8284808993339539
211149037	0.8639017939567566
211149838	0.8445156216621399
211150126	0.8371565341949463
211150428	0.5556865930557251
211150975	0.8182724118232727
211152395	0.5924623012542725
211152484	0.8323774337768555
211152695	0.8041539788246155
211153079	0.8315542936325073
211153286	0.6011605858802795
211153583	0.035057105123996735
211154046	0.0
211155157	0.8226032257080078
211155318	0.7908810973167419
211155479	0.0
211155826	0.8433235287666321
211155915	0.0018206683453172445
211155944	0.7461838126182556
211156766	2.8425501427502275e-13
211157130	0.789311408996582
211157234	0.8554410338401794
211158189	0.8333550691604614
211158477	0.0057344562374055386
211159516	0.8449994921684265
211159560	0.8347762227058411
211159873	0.7761965990066528
211160016	0.782616376876831
211160118	0.8494381904602051
211160711	0.8378441333770752
211161123	0.0972370058298111
211161128	0.8196792602539062
211161133	0.8701534271240234
211162066	0.8366506099700928
211162972	0.8144023418426514
211163261	0.8547871112823486
211163406	0.010197574272751808
211164332	0.8075283765792847
211164751	0.8850548267364502
211165220	0.8300625681877136
211165395	0.8018747568130493
211165958	0.502913236618042
211166831	0.5253313779830933
211169300	0.12478062510490417
211169396	0.8416122198104858
211169647	0.8543698191642761
211170832	0.7664639949798584
211170934	0.7862793207168579
211171206	0.8609556555747986
211172597	0.7450015544891357
211173014	0.8444198966026306
211173272	0.8520799875259399
211173962	0.8619768619537354
211174237	0.8265771269798279
211175016	0.8531252145767212
211175048	0.8668462634086609
211175106	2.1363624910009094e-05
211176345	0.8453540205955505
211177100	0.020936651155352592
211177579	4.064970937633916e-07
211177647	0.8363977670669556
211179603	0.4733971953392029
211182661	0.820951521396637
211183595	0.8719356656074524
211184620	0.46896040439605713
211184990	0.792908251285553
211185216	0.8316314220428467
211185386	0.808081865310669
211185773	0.8642308115959167
211187033	0.8088719248771667
211187428	0.833393394947052
211188439	0.8237783908843994
211188567	0.8191308975219727
211188669	0.8046204447746277
211190693	0.8450852036476135
211191261	0.8790561556816101
211192084	0.8408886790275574
211192286	0.6653143763542175
211197333	0.14404761791229248
211200040	0.6208789944648743
211201576	0.838103711605072
211203589	0.8428879380226135
